Bands(42), Columns(15), Rows(15)
3.611305 2.9114 3.193033 3.865007 4.317445 4.861085 5.524676 6.300835 7.32373 8.476198 9.671487 11.0297 14.05467 15.65328 19.15581 18.73066 23.47195 24.98792 23.50209 28.03 28.34622 15.33495 14.18458 22.83141 26.51991 29.11966 29.44587 22.93472 15.84929 11.30727 12.62833 17.66351 19.07265 16.83310 18.04993 19.16481 18.75355 16.05445 14.84360 14.96930 13.37512 13.65596
3.004721 3.267221 3.182601 3.862741 4.200393 4.690464 5.30718 6.194013 7.074065 8.129934 9.13769 10.43758 14.11302 15.82150 19.11302 19.03961 23.70679 25.44008 24.02917 28.22239 28.53245 16.86356 13.77060 21.82204 25.46533 28.33834 28.25479 22.16953 14.69390 5.451869 8.330573 16.30649 17.74634 15.6497 16.97450 17.88387 17.51648 15.11508 13.63007 13.87086 11.37539 12.13092
3.19074 3.161506 3.195641 3.948855 4.27626 4.81573 5.520411 6.237614 7.14829 8.111343 9.172128 10.37511 13.91853 15.52711 18.78628 18.43840 22.76195 24.45934 23.01555 27.56826 28.02275 14.82541 14.59855 22.10242 25.83214 28.63524 29.11088 22.50961 14.69390 14.23497 10.47945 16.82842 18.18844 16.20659 17.57943 18.6044 17.92884 15.54207 14.07135 14.1847 12.48635 12.13092
2.426444 2.826312 3.065238 3.92846 4.057329 4.588956 5.021451 6.02179 6.855889 7.711629 8.714587 9.899788 13.82778 15.45594 18.66959 18.33820 22.64726 24.26191 23.05609 27.34702 27.68948 15.84448 13.35662 21.03697 24.76228 27.65078 27.88258 21.57438 14.69390 11.30727 12.62833 15.36702 17.08318 15.23203 16.23515 17.56364 17.03540 14.51730 13.07846 13.24317 11.81977 12.13092
3.069423 3.078997 3.326045 3.747166 4.066 4.403218 5.061965 5.941128 6.840145 7.711629 8.682609 9.935098 14.41123 16.12236 19.62647 19.03126 23.55387 25.35729 23.66427 28.17429 28.50305 15.33495 14.18458 21.40146 25.09852 27.79142 28.34784 21.95698 14.69390 11.30727 8.330573 15.57579 17.4516 15.99776 17.37779 18.20410 17.65393 15.54207 13.85071 14.65546 11.37539 13.14761
3.154345 2.821156 3.253019 3.654253 3.94678 4.256355 5.070495 5.901887 6.716436 7.483885 8.249667 9.310387 14.96551 16.80172 20.00378 19.48216 24.00172 25.96229 24.27244 28.17429 28.29721 16.35402 11.70071 20.08366 23.95224 26.85383 27.23121 21.19179 13.53852 11.30727 10.47945 14.42755 16.19898 15.09281 16.30236 17.16334 16.76049 14.94429 13.29911 13.71394 12.04196 11.62257
2.68121 3.10736 3.344301 3.867273 4.243745 4.575998 5.226153 6.104631 6.887379 7.765079 8.515336 9.557555 15.11137 17.09934 20.74673 20.07501 24.71718 26.73288 24.15081 29.07852 28.99315 16.35402 12.52867 21.06500 24.99153 27.60390 28.19896 21.70192 14.69390 14.23497 10.47945 15.26263 17.15686 15.92815 17.31058 18.28416 17.65393 15.71286 14.07135 14.34162 12.48635 13.14761
2.624595 2.69997 2.864417 3.436701 3.541433 4.001504 4.626975 5.814686 6.35431 6.914526 7.464961 8.289121 15.39013 17.58136 21.14348 20.60107 24.93017 27.02582 24.31299 27.87609 27.7679 16.35402 12.52867 18.09295 21.76666 24.35361 24.55128 19.02375 12.38313 8.37957 10.47945 12.54860 14.43056 13.49174 14.75643 15.48210 15.11106 13.49254 11.86493 11.67396 9.820044 11.62257
3.619393 2.589098 2.720973 3.543211 3.656317 4.03822 4.601387 6.287755 6.687196 6.830864 7.000041 7.354771 18.76444 21.58311 25.85010 24.21664 28.79147 31.10164 25.56988 29.34787 28.7579 16.35402 10.87276 15.12089 18.92388 21.41585 21.79691 16.89823 12.38313 11.30727 10.47945 9.730177 11.26215 11.05533 12.06786 12.68004 12.63692 10.75983 9.768835 9.477072 8.042506 9.080836
2.418357 2.576206 3.002645 3.438967 3.413543 3.843842 4.577931 6.02397 6.489264 6.412559 6.658115 7.096738 18.32037 21.31137 25.09549 23.66554 28.09239 30.38837 25.48879 28.65527 28.06196 15.33495 12.11469 15.37324 19.04615 21.52523 21.75969 16.98325 12.38313 11.30727 12.62833 10.35649 12.07268 11.54262 12.80722 13.32051 12.91182 11.52841 10.09980 9.633992 8.931275 9.080836
3.530427 3.053213 3.177385 3.756231 3.801549 4.169965 4.791162 6.119892 6.932363 7.277057 7.671592 8.175043 17.86333 20.26968 23.76130 22.29613 27.13663 29.05099 24.75898 28.79956 27.71889 15.84448 12.52867 19.27056 22.51556 24.11921 24.71878 19.32133 13.53852 14.23497 8.330573 14.94947 16.64108 16.41543 17.64665 17.64369 16.96667 16.22525 14.95392 14.49854 12.48635 12.63926
3.113906 3.421926 3.748551 4.019106 4.174381 4.519845 5.283725 6.654002 7.769079 8.518029 9.066353 9.641755 20.09666 22.81566 26.20018 24.95979 30.38077 32.34348 27.55659 32.35877 30.96334 15.33495 14.18458 22.80338 26.67275 28.21333 28.60839 22.21204 14.69390 17.16267 12.62833 17.35035 19.44106 19.26950 21.07458 20.92611 19.99063 18.78716 17.4913 17.32312 14.93046 14.16430
5.900148 4.999917 5.258621 5.510246 5.756752 6.297318 6.893617 8.485236 10.74257 12.88235 14.26165 15.22884 25.19540 27.28002 31.03128 28.49187 34.19291 35.76971 30.15147 36.17770 33.84512 16.86356 16.66844 28.13065 31.24259 31.93242 32.88883 25.52786 15.84929 14.23497 12.62833 22.15210 24.59894 25.04727 26.78779 26.29006 24.59529 24.85035 23.00735 23.75688 20.26308 18.23108
7.457047 6.696514 7.037322 7.735624 8.245193 8.811268 9.782891 11.21683 15.27478 20.54198 23.17631 25.19977 29.74309 30.51183 33.05785 30.92173 37.37151 38.46994 33.84106 41.16060 37.97175 18.90171 22.46411 41.08433 41.37573 40.49569 42.28719 33.26478 20.47085 14.23497 10.47945 32.48631 35.65152 36.60280 39.0208 37.25813 34.14823 36.46435 35.47361 37.09516 30.9283 27.38132
7.521749 7.302441 7.204238 7.864796 8.654876 9.104994 10.23494 11.78364 16.23296 21.91542 24.79492 27.0576 31.1531 31.80909 34.25979 31.86529 38.52389 39.67994 34.7736 42.68047 39.52046 21.44941 24.12002 43.46758 43.36262 42.37086 44.83684 35.34779 21.62624 17.16267 14.77722 34.26087 37.93573 38.96959 41.50773 39.57984 36.34747 38.34308 38.34196 40.70434 33.8168 30.43140
3.611305 3.127987 3.193033 3.676915 4.241578 4.861085 5.58438 6.300835 7.195524 8.28099 9.536192 10.80698 14.1584 15.93472 19.44754 19.21496 23.67949 25.46555 23.66427 28.00114 28.37562 17.88264 14.18458 21.59773 25.29721 27.94768 28.32923 22.08451 18.16007 14.23497 14.77722 16.61965 17.96739 15.92815 17.04172 18.36422 17.72266 15.11508 13.85071 14.02778 12.26416 12.13092
3.004721 3.267221 3.459056 4.141479 4.354295 4.830848 5.669672 6.536279 7.409202 8.397185 9.509133 10.78525 14.38854 16.16118 19.47866 19.52391 23.88703 25.66934 24.19135 28.38592 28.88532 16.86356 14.59855 22.15850 25.95441 28.82276 28.98060 22.55212 15.84929 14.23497 16.92610 16.51526 18.04107 15.92815 17.24336 18.28416 17.72266 15.45667 14.07135 14.02778 12.48635 12.63926
4.165318 3.161506 3.472096 4.136947 4.430162 5.025226 5.641953 6.433817 7.316983 8.343735 9.378759 10.56796 13.98985 15.64034 18.78628 18.70560 22.7128 24.45934 23.01555 27.80875 28.51285 16.86356 15.84048 23.39218 27.34523 30.02600 30.78583 23.95497 18.16007 14.23497 12.62833 18.08105 19.58843 17.38999 18.78929 20.04546 19.30336 16.73763 14.95392 16.06775 14.04170 14.16430
2.923843 2.826312 3.203465 3.554542 3.905595 4.241236 4.89991 5.775445 6.563488 7.402548 8.242288 9.3294 14.10005 15.96384 19.21416 19.13981 23.07872 25.04524 23.50209 27.38549 27.97374 17.88264 12.52867 19.43878 23.24918 26.30691 26.56123 20.68166 14.69390 14.23497 14.77722 13.90561 15.75687 14.11825 14.89086 16.28269 15.93578 13.49254 12.19590 12.45857 10.26443 12.13092
3.069423 2.86241 3.046982 3.651987 3.680161 4.191562 4.818882 5.840846 6.671452 7.128326 7.851164 8.739999 15.83097 18.09897 21.83975 21.18557 25.66748 27.79004 24.59680 29.42483 29.72829 17.37310 14.18458 18.42941 22.65312 25.69748 26.24485 20.17153 17.00468 20.09037 14.77722 12.86176 14.57793 13.63096 15.09250 15.88240 15.59215 13.49254 11.75461 12.14473 10.70881 13.14761
3.6477 2.821156 3.391246 3.654253 3.870913 4.463691 5.01079 5.851747 6.716436 7.444379 8.281646 9.277794 14.62192 16.68849 19.97655 19.88296 24.25295 26.26161 24.43462 28.58793 28.84612 17.37310 15.01253 20.22386 24.25791 27.04135 27.39870 21.36183 15.84929 17.16267 14.77722 14.11439 16.27266 15.16242 16.43679 17.32346 16.96667 15.02969 13.40943 13.71394 12.48635 12.63926
3.166477 2.679343 3.206074 3.867273 4.167879 4.64511 5.164316 6.154772 6.930114 7.881275 8.65063 9.68793 15.07572 17.18345 21.04235 20.70127 25.23056 27.38883 24.27244 29.18434 29.28721 17.37310 15.42651 20.42012 24.13564 26.74445 27.28704 21.14928 17.00468 14.23497 16.92610 14.74070 16.56739 15.16242 16.50400 17.32346 16.89794 14.77350 13.51975 13.24317 11.81977 12.13092
3.615349 2.69997 3.140872 3.624793 3.844901 4.20884 4.867925 6.108991 6.644461 7.300296 7.733089 8.476534 16.04166 18.56805 22.13926 21.85357 25.89686 28.07662 24.43462 28.21277 28.15018 16.86356 13.77060 17.42003 21.15531 23.60354 23.91852 18.59865 17.00468 20.09037 14.77722 12.02667 13.84109 12.86524 14.08429 14.84163 14.35507 12.29698 11.31333 10.88936 10.26443 9.589183
3.134126 2.37509 3.000036 3.543211 3.656317 3.969108 4.601387 6.237614 6.813154 6.909878 7.169774 7.610088 18.93623 21.89368 26.22352 25.11844 29.354 31.83401 26.46187 30.37715 29.94394 18.39218 13.77060 16.07419 20.10073 22.77534 23.08104 17.79095 13.53852 17.16267 16.92610 10.56527 12.22004 11.75145 13.00886 13.48063 13.32418 11.35761 10.32044 9.947834 9.153467 9.589183
3.413154 3.215653 3.555554 3.815151 3.944613 4.193722 4.878587 6.56462 7.280995 7.316563 7.565816 7.824662 19.33817 22.55363 26.5347 25.52760 30.09677 32.48996 27.51604 31.42568 30.73790 17.37310 14.18458 18.06491 21.98063 24.25985 24.51406 18.98124 15.84929 20.09037 14.77722 12.13105 13.98846 13.90941 15.22693 15.64222 14.97361 13.49254 12.30622 11.83089 10.70881 11.62257
4.500961 3.48123 3.727687 4.130149 4.412821 4.72934 5.396738 7.055129 8.290902 8.931686 9.425497 9.89164 21.32191 24.14203 28.20730 26.72165 32.0083 34.33044 29.01621 34.77326 33.13938 16.86356 16.25446 23.58845 27.58977 29.16654 29.91114 23.01974 15.84929 17.16267 16.92610 17.35035 19.7358 19.82640 21.34343 21.40646 20.33426 19.64113 17.82226 18.42156 14.93046 13.14761
3.611305 3.852522 4.165842 4.674029 4.933053 5.144012 6.128119 7.484597 9.021904 10.43061 11.29994 12.05640 22.37213 25.22577 28.53793 27.56501 32.81114 34.88450 29.70547 35.21576 33.56086 18.39218 17.08241 26.42031 30.05046 31.27611 31.9583 24.63514 19.31546 17.16267 16.92610 19.96 22.31474 22.61086 24.16643 24.04841 22.60222 22.11764 20.80093 20.30461 16.93020 16.19769
6.38946 5.85595 6.093202 6.634266 7.141869 7.556453 8.53336 9.967665 13.14251 16.47977 18.47299 19.78108 27.92466 29.6966 33.1901 30.95513 36.60690 38.13241 32.30035 39.1886 36.64848 19.92079 20.80821 34.13084 35.91943 35.97966 37.24371 28.97121 19.31546 17.16267 14.77722 26.32754 29.09365 29.71125 31.82887 30.6933 28.37523 29.03480 27.42019 28.30758 24.04034 21.28116
6.959648 7.333382 7.313777 8.014362 8.548661 9.156828 10.08141 11.55909 15.8146 20.99979 23.81588 25.95485 30.28765 31.07796 33.66076 31.94044 37.92312 39.1641 34.12488 41.81472 38.83432 21.95894 23.70604 41.89744 42.61372 41.57391 43.64576 34.49758 21.62624 14.23497 14.77722 33.11263 36.38836 37.78619 40.16344 38.37896 35.24786 37.57451 37.12843 38.97821 33.15023 28.90636
8.002973 7.091011 7.339858 7.955442 8.654876 9.174106 10.1134 11.83378 16.107 21.72486 24.62519 26.92995 31.04938 31.86732 34.28701 32.22434 38.57304 39.83278 34.3276 42.57466 39.54987 22.46848 24.12002 42.65447 43.1945 42.16771 44.76239 35.22026 22.78163 20.09037 14.77722 34.0521 37.49362 38.76075 41.17166 39.2596 36.27875 38.34308 37.79036 40.70434 34.26118 31.44809
3.611305 2.9114 3.193033 3.865007 4.317445 4.789813 5.524676 6.200553 7.195524 8.360003 9.671487 11.15736 14.12274 16.16441 19.66148 20.29211 23.98533 26.04508 23.38045 28.48212 29.66948 17.88264 12.11469 21.48558 26.19895 28.93215 29.35282 22.97723 17.00468 11.30727 12.62833 16.51526 17.96739 15.71931 17.04172 18.44428 17.86011 15.02969 13.85071 14.1847 12.26416 13.65596
3.004721 3.483808 3.320828 4.048567 4.430162 5.040344 5.73151 6.438178 7.409202 8.436692 9.575551 10.9455 13.97688 15.90561 18.90298 19.61576 23.12241 25.16624 23.09664 27.90495 29.04216 18.90171 12.94264 22.24261 26.99371 29.90098 30.20890 23.6574 15.84929 11.30727 12.62833 17.14158 18.77791 16.69387 17.91550 19.16481 18.61610 16.05445 14.95392 14.96930 12.26416 13.65596
3.680051 3.161506 3.472096 3.855942 4.120191 4.604074 5.217624 5.893167 6.770418 7.723249 8.795764 10.02473 13.09846 14.87686 17.80606 18.34655 21.58773 23.50407 21.19102 26.22154 27.44443 16.86356 12.52867 20.72854 25.37363 28.07269 28.68284 22.50961 17.00468 11.30727 12.62833 15.99333 17.67265 15.92815 17.31058 18.44428 17.92884 15.62747 14.40231 14.96930 12.93074 12.13092
2.923843 3.042899 3.203465 3.742634 3.905595 4.38162 4.959614 5.873547 6.603975 7.442055 8.377582 9.519529 13.72729 15.82473 18.98077 19.67421 22.9258 25.07071 22.89391 27.49131 28.62067 18.39218 12.52867 19.80328 24.3649 27.38513 27.71508 21.57438 15.84929 11.30727 14.77722 14.11439 16.05161 14.74475 15.42858 17.16334 16.55431 14.00492 12.7475 12.92933 10.70881 12.63926
2.580112 2.86241 3.187817 3.651987 3.834063 4.262834 4.940424 5.840846 6.671452 7.400224 8.335764 9.353846 14.17136 16.41028 19.75872 20.24201 23.50472 25.80945 22.56955 27.69332 28.72849 18.39218 14.18458 19.57898 23.95224 26.83821 27.39870 21.36183 15.84929 11.30727 12.62833 13.80123 15.90424 14.53591 15.89907 16.76305 16.55431 14.09032 12.85782 12.45857 11.15320 11.62257
3.154345 3.249172 3.112183 3.842345 3.870913 4.463691 5.070495 6.098091 6.842394 7.483885 8.316085 9.34298 15.20537 17.70753 21.06958 21.66152 25.17048 27.68814 24.43462 29.10738 29.7479 17.37310 12.94264 19.46682 24.19678 27.04135 27.43593 21.44685 14.69390 14.23497 12.62833 13.59246 15.68319 14.95359 16.30236 17.32346 16.82922 15.02969 13.63007 14.02778 12.26416 12.63926
2.199986 2.679343 3.065238 3.493355 3.784208 4.29523 4.859396 5.805965 6.552242 6.991215 7.661752 8.563451 15.42255 18.06662 21.87087 22.09573 25.61833 28.19762 23.66427 28.14543 28.66968 19.41125 13.77060 16.94338 21.24701 23.75981 24.32795 19.02375 15.84929 14.23497 12.62833 11.81790 13.62004 13.07407 14.21872 15.16187 14.76743 12.89476 11.64429 11.67396 10.26443 11.62257
2.13124 2.69997 3.002645 3.343788 3.6173 3.86328 4.626975 5.962928 6.561239 6.758823 7.127955 7.623668 16.9687 19.94941 23.57848 23.54864 27.09294 29.64326 24.43462 28.45326 28.72849 17.88264 10.45878 15.73773 20.10073 22.5722 22.95077 17.96099 15.84929 11.30727 12.62833 10.77404 12.36741 11.96029 13.14329 13.96098 13.59908 11.86999 10.54108 9.947834 9.820044 10.60588
2.648859 2.589098 2.720973 3.355119 3.58045 3.686181 4.479846 6.03923 6.603975 6.477629 6.724533 7.099454 18.41761 21.72545 25.69062 25.56935 28.68770 31.40732 25.24552 29.65569 29.88512 17.37310 11.70071 15.70969 20.28413 22.8691 23.30437 18.25856 14.69390 14.23497 12.62833 10.46088 12.22004 12.09951 13.34493 13.88092 13.59908 12.04079 10.87204 10.73244 9.153467 12.13092
2.418357 3.001645 3.417327 3.719972 3.868745 4.12245 4.878587 6.368416 7.114552 7.081848 7.565816 7.982198 18.69313 21.84839 25.38333 25.03495 28.75324 31.24174 25.97533 30.32906 29.91453 17.37310 14.18458 18.82194 23.34089 25.30682 25.70514 20.17153 15.84929 14.23497 10.47945 13.69684 15.83056 16.20659 17.51222 17.96393 16.96667 15.88366 14.40231 14.65546 12.48635 13.65596
4.015694 3.911825 4.001534 4.318241 4.488688 4.869724 5.516147 6.957027 8.461844 9.528934 10.36764 11.19267 20.91025 23.97381 27.65496 27.21431 31.37476 33.80823 27.63768 33.50349 32.65908 18.90171 15.42651 23.64453 28.23169 29.46344 30.54390 23.91246 19.31546 14.23497 12.62833 18.49860 20.84106 21.35785 22.95658 23.0877 21.84624 21.51986 20.24932 20.46154 17.81896 15.68934
5.095414 5.149465 5.415105 5.888696 6.146926 6.737908 7.454413 8.807882 11.36336 13.64692 15.40058 16.54073 24.58277 27.40942 30.35446 30.17023 34.64075 36.6804 30.63801 37.20699 35.61927 20.43033 17.91037 30.82232 34.42162 34.72955 35.90375 28.121 21.62624 14.23497 14.77722 23.92667 26.73577 27.62290 29.34194 29.01206 27.06943 27.24147 26.64794 26.89529 22.26281 21.78950
7.368082 6.925992 6.925175 7.570194 8.141147 8.884699 9.808479 11.30403 15.29278 20.0772 23.05823 25.35459 29.23743 30.74799 33.9136 32.96749 37.49712 39.1641 32.62471 40.92011 38.57947 23.99710 21.63616 39.73849 41.5897 40.51131 42.71523 33.94495 23.93701 14.23497 14.77722 31.65122 34.91468 36.46357 38.81916 37.41825 34.21696 36.29355 35.69426 37.25207 31.81707 27.38132
7.457047 7.333382 7.452004 8.107276 8.85213 9.297212 10.32023 11.75312 16.02378 21.51570 24.58829 27.05489 30.49186 31.81232 34.13142 33.62715 38.40373 40.03657 33.84106 42.32455 39.92234 23.48756 22.46411 42.17782 44.01982 42.83965 45.00433 35.85792 23.93701 17.16267 12.62833 33.53017 36.90415 38.96959 41.50773 40.06019 36.62238 39.02626 38.78325 41.33202 35.37215 30.93974
7.040526 7.302441 7.339858 7.771883 8.500974 8.96677 9.991858 11.53947 15.72913 21.4088 24.45791 26.90007 30.09316 31.37882 33.62964 32.88399 37.81389 39.45705 32.94907 41.64157 39.52046 23.48756 22.05014 41.47686 43.1945 41.94894 44.63212 35.30528 23.93701 14.23497 12.62833 33.00824 36.6831 38.41269 41.10444 39.57984 36.00384 38.17229 38.67292 40.70434 34.26118 32.46478
3.105818 3.127987 3.054806 3.95792 4.39548 5.001469 5.646217 6.398937 7.364217 8.552888 9.80924 11.22255 14.36585 16.36175 19.68871 20.20026 23.77779 25.89224 23.21827 28.48212 29.58126 17.88264 10.87276 22.35477 27.03956 29.77597 30.26474 23.6574 14.69390 2.524169 1.88393 16.93281 18.63054 16.48504 17.64665 19.08476 18.27247 15.71286 14.40231 14.65546 12.26416 12.13092
3.004721 3.050635 3.182601 4.048567 4.430162 4.899961 5.609968 6.390217 7.242758 8.320496 9.474695 10.78525 13.90881 15.73739 18.66959 19.44041 22.74011 24.69497 22.65064 27.39511 28.53245 17.88264 12.94264 22.04634 26.73388 29.54158 29.87391 23.40233 12.38313 5.451869 6.181692 16.72404 18.33581 16.48504 17.91550 19.00470 18.47865 15.62747 14.62296 14.34162 12.04196 12.63926
3.19074 2.947498 3.057414 3.577204 3.966289 4.323307 4.912704 5.696963 6.561239 7.337479 8.281646 9.48422 12.89101 14.70541 17.62324 18.26305 21.25457 23.17928 20.86666 25.8079 27.05236 15.84448 10.45878 20.16778 24.77756 27.49452 28.08730 22.042 13.53852 11.30727 4.032811 15.15825 16.86213 15.37125 16.57122 17.80381 17.24158 14.77350 13.51975 13.71394 12.26416 11.11422
2.923843 2.826312 3.203465 3.742634 3.905595 4.38162 5.021451 5.823406 6.64671 7.402548 8.377582 9.519529 13.41936 15.28772 18.22615 19.04796 22.11203 24.21097 21.96138 26.83718 27.94434 16.86356 11.70071 20.53228 25.41948 28.1352 28.64561 22.29706 12.38313 8.37957 1.88393 15.05386 17.23055 15.78892 16.70565 18.20410 17.65393 15.28588 13.85071 14.1847 12.26416 12.13092
2.580112 2.86241 3.046982 3.559074 3.90993 4.262834 4.878587 5.790705 6.585981 7.363041 8.232448 9.256064 14.13571 16.29381 19.6537 20.01656 23.42826 25.66297 22.73173 27.66446 28.63047 17.37310 12.11469 19.91544 24.64000 27.33825 28.01285 21.82944 14.69390 2.524169 4.032811 14.11439 16.27266 15.37125 16.70565 17.64369 17.31030 15.11508 13.40943 13.40009 11.59758 10.60588
3.154345 2.821156 3.112183 3.654253 3.795046 4.256355 5.01079 5.901887 6.716436 7.328183 8.18079 9.120257 14.96551 17.51019 20.94121 21.57802 24.99571 27.50983 23.66427 28.34744 29.13037 16.35402 11.70071 18.5696 23.08106 25.74436 26.20762 20.34158 13.53852 5.451869 6.181692 12.54860 14.72530 14.04863 15.29415 16.28269 15.66087 13.49254 12.52686 12.92933 11.59758 10.60588
2.68121 2.893351 3.065238 3.493355 3.706173 4.154846 4.676018 5.755825 6.426285 6.991215 7.526458 8.435792 15.04006 17.69782 21.38854 21.73667 24.97387 27.54167 23.05609 27.55864 28.12077 17.37310 10.45878 17.42003 21.70552 24.02546 24.58850 19.23631 11.22774 2.524169 6.181692 12.23544 14.20951 13.28291 14.62200 15.40204 15.11106 12.98016 11.53397 11.51704 10.26443 11.11422
2.624595 2.485962 2.864417 3.343788 3.541433 3.932392 4.56727 6.108991 6.644461 6.875019 7.127955 7.78392 17.17291 20.51555 24.20473 24.48384 27.75378 30.56668 25.08334 28.73222 29.05196 16.86356 9.630829 15.51343 19.79505 22.21279 22.52273 17.70593 11.22774 8.37957 6.181692 10.25211 12.14636 11.54262 12.80722 13.56069 13.118 11.35761 10.32044 9.947834 9.153467 9.589183
2.648859 2.589098 2.859201 3.169293 3.196779 3.614909 4.174926 5.888807 6.349811 6.201083 6.279292 6.553512 18.62506 22.20424 26.06404 25.6612 28.48562 31.27995 24.47517 28.55907 28.68929 17.37310 8.802876 13.97132 18.37366 20.85329 21.36887 16.64316 11.22774 5.451869 6.181692 8.790703 10.59900 10.63767 11.73179 12.27975 12.29328 10.58904 9.658514 8.849387 8.486891 7.555796
2.418357 3.001645 3.417327 3.815151 3.792878 4.12245 4.938292 6.712863 7.571146 7.788319 7.966779 8.234798 20.96860 24.38790 27.94669 27.29781 30.75761 33.43886 26.90787 31.42568 30.73790 17.37310 10.04481 18.34529 22.72953 24.61926 25.16543 19.44886 12.38313 5.451869 6.181692 12.65298 15.09372 15.51048 17.10893 17.2434 16.41686 15.45667 13.85071 13.71394 12.04196 11.11422
4.015694 3.697817 4.139761 4.506333 4.718457 5.007948 5.637688 7.10527 8.758743 10.0797 11.04411 11.82824 22.04150 25.2743 28.91913 28.40837 32.39061 34.85902 28.12422 33.98446 33.01195 18.90171 14.18458 23.67256 27.95658 29.07278 29.94836 23.35982 14.69390 5.451869 4.032811 18.18544 20.47264 21.07941 22.68772 22.68741 21.50260 21.26367 20.02868 19.99077 17.81896 15.18100
5.588768 6.015812 6.249686 7.01045 7.512534 7.984084 8.842545 10.27505 13.41241 16.61224 18.66732 20.05269 27.37038 29.7613 32.34991 31.94044 36.36113 38.15151 31.69218 38.85192 36.97195 21.44941 17.08241 33.68222 36.51549 36.32344 37.72759 29.43883 17.00468 8.37957 6.181692 25.80561 28.94629 29.98969 32.09772 31.17365 28.85631 29.63258 29.075 29.56295 25.81788 21.78950
6.87877 7.140001 7.480693 8.03929 8.600685 9.30585 10.23494 11.84686 16.17673 21.27634 24.62273 27.20156 30.75441 32.08406 35.11554 34.1365 38.79696 40.3741 33.07071 42.37265 39.96155 23.99710 20.80821 41.75724 43.50017 42.24585 44.72517 35.34779 20.47085 5.451869 6.181692 33.21701 36.6831 38.34308 40.83558 39.41972 35.86639 38.08689 37.90068 40.39050 34.03899 30.43140
6.959648 7.333382 7.864079 8.293101 8.85213 9.57366 10.61876 12.19349 16.52311 21.91542 25.12701 27.65244 31.03965 32.37522 34.67988 34.2868 38.96081 40.67979 34.12488 42.9402 40.62808 26.54479 20.39423 42.79466 44.60061 43.46471 45.71154 36.24051 20.47085 5.451869 6.181692 33.84333 37.41994 39.24804 41.8438 40.46049 36.75983 39.19705 39.22452 41.64586 35.81653 31.44809
7.040526 6.879581 7.613705 7.864796 8.579008 9.174106 10.17524 11.73568 16.02378 21.59936 24.59321 26.86747 30.16123 31.72174 33.99917 33.2848 38.07058 39.75636 33.11125 41.98787 39.80471 26.54479 21.22218 41.44883 43.24035 42.16771 44.76239 35.51783 21.62624 8.37957 8.330573 32.5907 36.38836 38.13425 40.70116 39.41972 35.86639 37.8307 37.90068 39.91973 34.03899 31.95644
3.105818 3.344574 3.607716 4.238925 4.549382 5.07058 5.8893 6.597321 7.535159 8.669084 9.740363 11.0297 14.60571 16.07707 19.39698 18.81416 23.31357 24.86692 23.38045 28.24163 28.50305 15.33495 12.94264 23.72864 27.32995 30.13538 30.69278 23.86995 11.22774 2.524169 6.181692 18.49860 19.80948 17.38999 18.72208 19.88534 19.37209 16.73763 15.17456 15.44007 13.81950 12.63926
3.004721 3.483808 3.459056 3.955654 4.354295 4.971232 5.550263 6.390217 7.116801 8.129934 9.103251 10.21486 13.84074 15.17125 18.09779 17.75370 22.02465 23.52318 22.77228 26.74099 27.05236 14.31587 11.70071 22.57907 26.27537 29.08841 29.44587 22.93472 12.38313 2.524169 -0.264951 17.14158 18.99896 16.83310 18.31879 19.08476 18.75355 16.48144 14.73328 14.96930 12.70854 10.60588
3.19074 2.730911 3.195641 3.670116 4.044323 4.463691 5.155787 5.943308 6.729932 7.686066 8.726887 9.962259 13.33832 14.87686 17.99277 17.67855 21.87173 23.58049 22.08301 26.98148 27.44443 13.80633 11.70071 22.41084 25.95441 28.76026 29.29699 22.67966 11.22774 2.524169 6.181692 16.41088 18.26212 16.27621 17.64665 18.6044 18.13502 15.71286 13.85071 14.49854 11.81977 10.60588
2.923843 2.612304 3.344301 3.742634 3.905595 4.450732 5.081156 5.971649 6.772667 7.632616 8.613731 9.774846 13.86343 15.54005 18.79795 18.69725 22.90395 24.64402 23.33991 27.69332 28.07176 15.84448 12.52867 21.85008 25.51118 28.35397 28.57117 22.12702 10.07235 2.524169 4.032811 15.47140 17.59897 15.92815 16.70565 18.04399 17.51648 14.94429 13.63007 13.55701 11.59758 11.11422
3.562778 2.86241 3.187817 3.842345 3.834063 4.47233 5.002261 5.941128 6.671452 7.479238 8.301325 9.256064 14.55061 16.38116 19.92209 19.44041 23.76141 25.75850 23.66427 28.21277 28.47364 13.29679 12.11469 20.92481 24.59415 27.36951 27.9198 21.53187 11.22774 8.37957 1.88393 14.84509 16.71476 15.44087 16.84007 17.48358 17.03540 14.94429 13.29911 13.24317 11.15320 10.60588
3.154345 2.821156 3.112183 3.842345 3.94678 4.604074 5.25174 6.194013 7.137044 7.830149 8.687529 9.595581 15.20537 17.25462 20.70783 20.28376 24.91925 26.93667 24.59680 28.69374 28.55206 14.31587 10.04481 20.02759 23.57014 26.19752 26.54262 20.51162 10.07235 5.451869 6.181692 14.01 15.83056 14.81436 15.96629 16.84311 16.07323 14.26111 12.7475 12.92933 10.70881 9.080836
2.68121 2.893351 3.065238 3.679181 4.013977 4.504726 5.164316 6.202733 6.930114 7.495505 8.104533 8.883954 16.0449 18.23807 22.08481 21.10207 25.77125 27.84099 24.15081 28.4244 28.18938 14.82541 9.630829 18.45744 21.91950 24.38486 24.79322 19.19379 10.07235 5.451869 4.032811 13.07053 14.94635 13.8398 15.02529 15.64222 15.24851 13.40714 11.86493 11.83089 10.26443 10.09753
2.624595 2.69997 3.002645 3.436701 3.6173 4.070616 4.686679 6.159132 6.810905 7.067904 7.398544 7.971334 17.89250 20.742 24.54314 23.45678 28.13608 30.36926 25.8537 29.48254 28.92453 15.33495 10.45878 16.85926 20.37583 22.85348 22.95077 17.91848 11.22774 5.451869 4.032811 10.87842 12.73583 11.96029 13.34493 13.80087 13.39291 11.52841 10.43076 9.947834 9.153467 9.080836
2.648859 2.803107 2.859201 3.355119 3.58045 3.897836 4.479846 5.838666 6.309325 6.398616 6.79341 7.259706 17.24422 19.74237 23.40344 21.91202 26.10986 28.01294 23.54263 26.83718 26.28780 13.80633 10.04481 15.59754 19.13785 21.30646 21.72247 17.02576 8.916961 5.451869 1.88393 10.87842 12.73583 12.16912 13.41215 13.80087 13.46163 11.86999 10.65140 10.26168 8.931275 8.064143
2.915756 2.787636 3.140872 3.346054 3.48941 3.636506 4.277277 6.318275 6.738929 6.33587 6.254693 6.181402 21.98964 25.15136 28.67797 26.05365 30.60469 32.66191 26.74569 29.88656 28.48344 13.80633 9.216852 14.56013 18.61820 20.97831 21.29443 16.55814 10.07235 5.451869 6.181692 9.312633 11.33584 11.68184 13.21050 13.80087 13.04927 12.21158 10.98237 10.41860 8.486891 9.080836
4.500961 3.48123 3.727687 4.225328 4.412821 4.798452 5.396738 6.909067 8.376373 9.298865 9.929775 10.46203 23.16951 26.00865 29.6543 27.29781 32.66914 34.63613 28.40803 33.29186 31.27700 14.82541 12.52867 21.12108 24.56359 26.08814 26.65428 20.55413 11.22774 5.451869 8.330573 15.68018 17.82002 18.22533 19.79751 19.64517 18.68483 18.36017 17.27066 16.85235 14.48608 12.13092
6.082124 6.446407 6.805204 7.384367 7.967736 8.539139 9.384151 10.91162 14.33010 18.02053 20.36711 21.81003 29.44488 30.98091 33.69966 31.53964 37.98320 39.15136 34.00324 40.84315 37.70710 18.39218 19.15230 37.21505 37.96745 37.82357 39.17921 30.28904 14.69390 5.451869 8.330573 28.51965 31.59891 32.07804 34.18137 32.53465 30.29956 31.9383 30.84014 31.60292 26.26227 21.28116
7.368082 6.925992 7.480693 7.944111 8.600685 9.30585 10.35648 11.79672 16.13399 21.50408 24.75802 26.94624 31.34110 31.91584 35.19333 32.43309 39.17927 40.14484 34.7736 42.8921 39.51066 21.95894 22.87809 43.38347 43.40847 42.3396 44.63212 34.9652 18.16007 5.451869 6.181692 34.15649 37.71467 38.62153 41.23887 39.2596 35.86639 38.25769 37.68003 39.76281 33.59461 28.90636
7.457047 7.119374 7.452004 8.200189 8.700396 9.366323 10.32023 11.94932 16.23071 21.74345 24.68914 26.92995 31.07531 31.66998 34.23255 31.98219 38.70958 39.76273 35.21959 42.83438 39.51066 22.46848 21.63616 43.69189 43.80585 42.63650 44.78101 35.22026 17.00468 8.37957 6.181692 34.15649 37.5673 38.83036 41.44051 39.41972 36.00384 38.59927 37.90068 39.60589 33.8168 28.39801
6.555259 6.879581 7.068619 7.586057 8.500974 8.897657 9.991858 11.58744 15.85509 21.66211 24.48989 26.73982 31.11745 31.77997 34.28701 31.73169 38.60035 39.70541 34.61142 42.60352 39.39303 20.43033 21.22218 43.18720 43.10280 42.0427 44.53907 35.05022 18.16007 2.524169 8.330573 33.53017 37.5673 38.62153 41.03723 39.01942 35.86639 38.00149 37.68003 39.76281 32.92803 29.41470
3.105818 3.344574 3.607716 4.238925 4.703283 5.282236 5.949005 6.745564 7.703851 8.864293 9.944535 11.09489 14.98496 16.36175 19.82096 18.86426 23.67949 25.14076 23.98863 28.62641 28.60107 14.31587 15.84048 24.03706 27.32995 30.07287 30.46945 23.69991 13.53852 8.37957 8.330573 18.18544 19.95685 17.52922 18.92372 19.88534 19.50954 16.73763 15.28488 15.75391 13.37512 12.13092
3.004721 3.050635 3.182601 3.955654 4.200393 4.761736 5.550263 6.194013 7.074065 8.013739 9.036834 10.18227 14.08061 15.51093 18.56456 17.92905 22.69095 24.14728 23.58318 27.56826 27.63067 14.31587 12.94264 22.57907 26.07668 28.91652 29.11088 22.72217 12.38313 11.30727 8.330573 16.72404 18.48317 16.48504 17.84829 18.68446 18.27247 15.96905 14.62296 14.49854 11.59758 12.13092
3.680051 2.730911 3.195641 3.763029 3.966289 4.534963 5.155787 5.893167 6.687196 7.686066 8.761326 9.867194 13.6106 14.99009 18.15225 17.50320 22.15026 23.70786 22.85337 27.19311 27.34642 12.78725 12.52867 22.07438 25.34306 28.11957 28.64561 22.16953 13.53852 11.30727 8.330573 16.41088 18.04107 15.92815 17.31058 18.20410 17.79139 15.37127 13.51975 14.1847 12.26416 11.11422
2.923843 2.826312 3.065238 3.742634 3.905595 4.519845 5.262402 5.971649 6.772667 7.711629 8.714587 9.837317 13.96392 15.48505 18.74738 18.25470 22.9258 24.54213 23.66427 27.89533 27.94434 14.82541 12.52867 21.85008 25.23607 28.19771 28.2734 21.95698 13.53852 8.37957 12.62833 15.78456 17.52528 15.71931 16.70565 18.20410 17.44775 15.11508 13.63007 14.02778 11.37539 11.11422
3.562778 3.078997 3.326045 4.125617 4.219902 4.683985 5.428722 6.239794 7.179779 8.139231 9.13277 10.25832 14.96551 16.61085 20.29162 19.44041 24.48233 26.16608 24.59680 29.31901 29.21859 15.33495 14.18458 22.97161 26.22952 28.93215 29.48309 22.72217 13.53852 8.37957 8.330573 16.41088 18.63054 16.97232 18.18436 19.00470 18.61610 16.31064 14.40231 14.81238 12.26416 12.13092
3.154345 3.035164 3.253019 3.842345 4.098514 4.742299 5.432987 6.342256 7.220265 8.136907 9.093411 10.1714 14.92985 16.71761 20.1866 19.48216 24.63525 26.36351 24.59680 28.69374 28.42463 15.33495 13.77060 21.73792 24.93040 27.40076 27.65925 21.44685 12.38313 11.30727 6.181692 15.68018 17.74634 16.06737 17.31058 18.12405 17.65393 15.37127 13.96103 14.02778 12.04196 11.11422
2.68121 2.893351 3.206074 3.867273 4.089844 4.435614 5.102479 6.154772 6.887379 7.495505 8.104533 8.883954 15.90552 18.00839 21.89810 20.74302 25.84771 27.79641 24.75898 28.79956 28.28740 14.82541 12.52867 19.21448 22.56141 25.04117 25.44459 19.70392 12.38313 11.30727 8.330573 13.90561 15.60950 14.39669 15.76465 16.20263 15.93578 13.83413 12.41654 12.30165 10.93101 10.60588
3.11795 2.69997 3.002645 3.343788 3.541433 4.001504 4.56727 6.257234 6.810905 6.875019 6.926244 7.403662 19.12748 21.95514 25.88122 24.04129 29.20654 31.26721 26.74569 30.16552 29.11077 15.33495 9.630829 16.55084 20.37583 22.88473 22.89494 17.79095 12.38313 8.37957 6.181692 10.77404 12.51478 11.96029 13.34493 13.96098 13.39291 11.61380 10.54108 9.790914 8.709083 8.57249
3.134126 2.589098 3.000036 3.450298 3.58045 3.826564 4.479846 6.536279 6.939111 6.556642 6.244853 6.265602 23.04634 26.45185 30.74343 27.46481 32.21584 34.59792 27.39441 30.85813 29.30681 13.80633 10.04481 13.88721 17.73174 20.13448 20.51278 15.70793 10.07235 11.30727 10.47945 8.790703 10.23058 10.49844 11.66457 12.03957 11.88093 10.58904 9.658514 8.849387 8.264698 9.589183
2.418357 2.576206 2.864417 3.346054 3.413543 3.567394 4.277277 6.416377 7.03133 6.805301 6.724533 6.81426 23.41586 26.47773 30.14441 27.20596 32.23222 34.31134 28.61076 31.42568 29.37542 13.80633 11.28674 15.70969 19.35182 21.60336 21.88997 16.85572 11.22774 8.37957 6.181692 9.834562 11.85162 12.37796 14.01708 14.28122 13.59908 12.80936 11.53397 10.41860 8.931275 9.589183
4.500961 3.911825 4.139761 4.506333 4.64259 5.007948 5.577983 7.203372 8.88695 9.942591 10.67267 11.16007 24.12897 26.80124 30.44392 27.34791 33.32999 35.20929 29.17839 34.14799 31.69849 13.80633 13.35662 22.49496 25.46533 26.77570 27.41731 21.10677 12.38313 11.30727 8.330573 17.03719 19.14633 19.54795 21.00736 20.84605 19.64700 19.47033 17.93258 18.26464 14.70827 13.65596
6.579523 7.096168 7.081659 7.570194 8.347072 8.815587 9.806347 11.30403 15.20955 19.57988 22.40144 24.22468 30.49834 31.51793 34.24812 31.63149 38.79696 39.7691 35.26014 42.39189 38.80492 17.37310 21.22218 41.28059 40.97835 40.43318 42.23135 32.88218 17.00468 11.30727 8.330573 32.06877 35.35679 36.0459 38.21423 36.29742 33.66715 35.52498 34.92201 36.31055 30.26173 25.34793
7.861436 7.140001 7.480693 7.944111 8.754586 9.234579 10.41619 11.897 16.21946 21.44599 24.48497 26.59586 31.03317 31.37559 34.66043 31.35593 38.66589 39.52073 35.09796 42.65161 38.93234 19.92079 22.87809 43.69189 43.16393 42.12083 44.46463 34.75264 19.31546 11.30727 6.181692 34.46964 37.86204 38.48231 41.17166 39.01942 35.86639 38.08689 37.68003 39.44897 33.15023 26.87297
7.457047 7.544812 7.313777 8.107276 8.700396 9.2281 10.26053 11.90136 16.31393 21.91542 24.89086 27.11736 31.75600 32.09377 34.73045 31.89869 39.31581 40.20852 35.98995 43.55585 39.92234 18.90171 22.46411 44.84145 44.29493 43.19906 45.28349 35.60286 19.31546 8.37957 10.47945 34.99157 38.67256 39.59609 41.97823 39.98013 36.62238 39.19705 38.45228 40.54742 32.92803 28.39801
6.555259 6.665573 6.794772 7.400231 8.045771 8.62121 9.567529 11.19721 15.05886 20.33515 22.80732 24.84124 30.02509 30.78034 33.49739 30.48753 37.71558 38.63551 34.48978 41.61271 38.2364 20.43033 22.05014 41.44883 41.20761 40.51131 42.62218 33.34980 18.16007 11.30727 10.47945 32.38192 35.72520 36.60280 38.75194 36.85783 34.01078 35.69577 35.47361 37.56592 31.15050 26.36462
3.105818 3.344574 3.607716 4.050833 4.317445 4.720701 5.403134 6.100271 6.898625 7.892895 8.88678 10.00572 13.57170 15.11302 18.15225 18.01255 21.84442 23.53591 22.24519 26.61594 27.15038 15.84448 15.01253 22.10242 26.01554 28.69775 29.40865 22.84970 15.84929 11.30727 14.77722 17.24597 18.85159 16.97232 18.25158 19.40499 18.89101 16.48144 15.06424 15.59699 13.81950 14.67265
2.507322 3.050635 3.320828 4.048567 4.200393 4.690464 5.366885 6.143872 6.907622 7.937049 8.867101 9.992137 13.39667 14.97392 17.68159 17.75370 21.64780 23.30028 22.48846 26.39469 26.78770 16.35402 12.94264 22.10242 26.04611 28.61962 29.11088 22.76468 15.84929 17.16267 12.62833 16.93281 18.77791 16.83310 18.45322 19.16481 18.68483 16.48144 15.17456 15.12622 12.70854 13.14761
2.701429 2.730911 3.057414 3.670116 3.966289 4.534963 5.096082 5.795065 6.687196 7.686066 8.692449 9.867194 13.30267 14.99009 18.15225 17.99585 21.99734 23.80339 22.24519 26.77947 27.47384 15.84448 13.77060 21.40146 25.23607 27.91643 28.51534 22.21204 17.00468 14.23497 10.47945 16.41088 17.89370 15.78892 17.10893 18.36422 17.86011 15.37127 13.74039 14.49854 12.48635 12.63926
3.425286 2.826312 3.344301 3.742634 4.057329 4.588956 5.383944 6.02179 6.855889 7.788319 8.714587 9.86991 13.59115 15.17449 18.27672 18.33820 22.2158 24.03265 23.05609 27.11615 27.62087 15.84448 14.59855 21.93419 25.78629 28.46335 28.90616 22.42459 15.84929 14.23497 12.62833 16.30649 18.26212 16.41543 17.24336 18.84458 18.13502 15.62747 14.18167 14.49854 12.70854 13.65596
3.562778 3.293005 3.605108 4.125617 4.373804 4.895641 5.6121 6.388037 7.305737 8.373946 9.410738 10.61413 14.72240 16.52350 19.97266 19.65751 24.0181 25.86040 23.82645 28.76108 29.05196 16.35402 15.01253 23.05572 26.85615 29.32281 29.94836 23.35982 15.84929 14.23497 12.62833 16.93281 18.92528 17.59883 18.99093 19.96540 19.23464 17.07922 15.28488 15.59699 13.15293 12.63926
3.154345 3.035164 3.253019 3.842345 4.098514 4.463691 5.25174 6.244154 7.011086 7.790643 8.517796 9.565703 15.20537 17.36785 20.6806 20.55097 24.96841 27.01309 24.43462 28.65527 28.67948 17.37310 13.77060 20.56032 24.41075 26.97885 27.32426 21.44685 17.00468 14.23497 12.62833 15.15825 16.86213 16.06737 17.17615 18.04399 17.51648 15.45667 14.07135 14.34162 12.26416 11.62257
2.68121 2.679343 3.206074 3.586268 3.784208 4.083575 4.676018 5.755825 6.385799 6.914526 7.526458 8.242947 15.66565 18.03750 21.78918 21.24402 25.43810 27.56714 23.50209 27.70294 27.63067 16.35402 12.52867 17.42003 21.12474 23.49416 23.89991 18.85371 15.84929 17.16267 12.62833 12.86176 14.35688 13.42213 14.55479 15.32198 15.11106 13.23635 11.64429 11.51704 10.70881 11.62257
2.624595 2.485962 3.002645 3.157962 3.313832 3.584672 4.202646 6.01089 6.437531 6.373053 6.32111 6.64586 19.81466 23.33651 27.32044 25.6946 30.24969 32.66191 26.74569 30.13667 29.37542 16.35402 11.70071 14.64424 18.77104 21.40022 21.53636 16.77069 13.53852 11.30727 14.77722 9.521405 10.89373 10.63767 12.00065 12.68004 12.43074 10.84523 9.658514 9.006309 8.709083 9.080836
3.619393 3.017115 3.138264 3.355119 3.58045 3.757452 4.358304 6.586421 7.276496 6.988891 6.724533 6.713764 23.66545 27.44177 31.5175 29.21832 32.92583 35.77608 27.71877 31.65655 30.36542 15.84448 10.87276 14.50405 18.58763 20.9158 21.55498 16.55814 13.53852 14.23497 12.62833 9.417019 11.11478 11.61223 13.07607 13.16039 12.98055 11.95539 10.76172 10.26168 9.375659 8.57249
3.413154 2.787636 3.140872 3.438967 3.565277 3.77473 4.396686 6.122072 6.988594 7.435083 7.597795 7.949605 21.41267 24.64346 28.10228 26.32085 30.78492 33.13954 27.35386 30.74270 29.40483 16.35402 12.94264 17.89668 21.67496 23.32227 23.75103 18.76869 14.69390 14.23497 12.62833 13.17491 15.1674 15.92815 17.37779 17.48358 16.41686 15.88366 14.51263 14.34162 12.48635 13.14761
4.986228 4.987024 5.104745 5.816179 6.090568 6.686074 7.332872 8.827503 11.39035 13.75614 15.45962 16.58962 25.94416 28.32818 31.81312 29.64418 35.36167 37.13893 31.00291 37.48595 35.19779 17.88264 18.32434 30.42978 32.49586 32.99501 34.19157 26.42058 17.00468 17.16267 12.62833 23.71789 26.36735 26.71795 28.33372 27.49094 25.69491 26.2167 25.32409 25.63993 21.37404 20.26446
7.072877 7.096168 7.222495 7.75602 8.422939 9.092035 9.987593 11.35199 15.37600 20.13297 23.23535 25.35459 29.78523 30.92268 33.28734 31.89869 37.83573 39.02399 34.00324 41.59347 38.63828 21.44941 21.22218 41.39275 41.9718 40.94885 42.91994 33.81741 22.78163 17.16267 14.77722 32.5907 36.09362 37.02046 39.69294 37.57836 34.62932 36.72054 36.35618 38.35052 32.48365 27.88966
7.861436 7.354009 7.480693 7.944111 8.600685 9.374963 10.29464 11.84686 16.13399 21.44599 24.68914 26.94624 31.06558 31.68615 34.84714 32.65854 38.81881 39.99836 34.48978 42.82476 39.70670 20.93987 23.70604 43.38347 43.76 42.574 45.09739 35.47532 23.93701 17.16267 10.47945 34.46964 38.00941 39.24804 41.70937 39.73996 36.34747 38.94086 38.45228 40.39050 34.70557 27.88966
7.457047 7.333382 7.590232 8.200189 8.776263 9.435435 10.37994 11.99728 16.43989 22.08739 25.19588 27.58997 31.72359 32.54344 35.06886 33.35995 39.56704 40.80716 35.54395 43.729 40.69669 21.95894 23.70604 44.44892 44.82986 43.77723 45.97208 36.36805 22.78163 20.09037 14.77722 35.09596 38.67256 40.08337 42.65037 40.78072 37.44709 39.96563 39.11420 41.64586 35.59434 31.95644
6.555259 6.031282 6.247078 6.754373 7.3608 7.92793 8.840412 10.36443 13.71831 18.18553 20.14818 22.0572 27.66859 29.20487 32.07762 30.27043 36.07167 37.49556 32.3409 39.64072 37.07977 20.43033 21.22218 37.77581 39.11373 38.55801 40.50057 31.81942 21.62624 14.23497 14.77722 29.87666 32.92522 33.88794 36.26501 34.69624 32.08645 33.21926 33.04655 34.58442 29.37296 26.87297
3.105818 3.127987 3.469488 3.865007 4.165711 4.720701 5.281593 6.002169 6.898625 7.70001 8.714587 9.812872 13.60736 15.28125 18.33507 18.50520 22.02465 23.86070 22.24519 26.57746 27.37582 15.84448 12.94264 21.20519 25.51118 28.24459 28.85033 22.59464 17.00468 14.23497 16.92610 16.20211 17.96739 16.34582 17.64665 18.92464 18.34120 15.96905 14.73328 15.12622 13.15293 12.63926
3.004721 3.050635 3.182601 3.676915 4.048659 4.55224 5.30718 5.997809 6.867136 7.783671 8.867101 10.11979 13.39667 15.08714 18.04333 18.37160 22.0028 23.77154 22.48846 26.53898 27.33661 16.35402 14.59855 20.8407 24.86926 27.65078 28.01285 21.87196 14.69390 14.23497 12.62833 15.78456 17.30423 15.51048 16.77286 17.88387 17.24158 15.11508 13.63007 13.55701 12.04196 12.63926
3.680051 2.947498 3.057414 3.577204 3.966289 4.463691 4.852999 5.893167 6.687196 7.56987 8.520256 9.674349 14.26212 16.31969 19.68871 19.81616 23.63580 25.74577 23.01555 27.77989 28.61087 17.88264 13.77060 19.69113 23.81468 26.7132 27.26843 21.14928 15.84929 14.23497 14.77722 14.21877 15.97792 14.46630 15.69743 16.68299 16.34813 14.09032 12.7475 12.77241 10.93101 11.62257
3.922685 3.256908 3.344301 3.835547 4.133196 4.658068 5.202697 6.119892 6.896376 7.595433 8.443999 9.391871 14.30426 16.24852 19.34641 19.58236 23.05688 25.09618 23.17773 27.27968 28.04236 17.88264 14.59855 20.42012 24.70114 27.54140 28.10591 21.95698 14.69390 17.16267 14.77722 15.26263 17.00950 15.6497 16.57122 17.96393 17.51648 15.28588 13.96103 13.87086 12.04196 13.65596
3.562778 3.078997 3.326045 3.747166 4.066 4.543602 5.185639 6.089371 6.840145 7.674447 8.510416 9.516813 15.03358 17.23845 20.85175 20.73467 24.53694 26.80293 23.50209 28.28011 28.69909 17.37310 14.18458 19.85936 24.07451 26.65069 27.23121 21.19179 17.00468 17.16267 16.92610 14.53193 16.42003 15.44087 16.63843 17.56364 17.31030 15.28588 13.63007 14.02778 11.59758 12.63926
3.6477 2.607147 2.835728 3.468427 3.719179 4.256355 4.829544 5.901887 6.547744 7.058609 7.674052 8.449373 15.20537 17.56519 20.99178 21.21897 24.89194 27.18504 23.82645 27.49131 27.74830 17.88264 11.70071 17.98080 21.88893 24.33798 24.71878 19.40635 17.00468 17.16267 14.77722 13.17491 14.72530 14.11825 15.29415 16.04252 15.59215 13.74873 12.52686 12.92933 11.37539 12.13092
3.166477 2.465334 2.786175 3.21235 3.476404 3.874079 4.371098 5.755825 6.217106 6.333546 6.603998 6.990809 18.05457 21.45047 25.36777 24.25004 28.13062 30.44568 24.27244 28.49173 28.09137 16.35402 11.70071 14.95266 18.93916 21.29083 21.70386 17.02576 13.53852 14.23497 14.77722 10.25211 11.85162 11.33378 12.40393 13.32051 12.98055 11.18682 10.09980 9.633992 9.375659 9.589183
3.11795 2.913979 3.140872 3.157962 3.313832 3.446448 4.142941 5.814686 6.230601 5.794397 5.514264 5.572988 21.42564 26.29981 30.06661 28.72567 31.80076 34.63613 26.58351 30.27134 29.50285 16.35402 10.45878 13.27037 17.28851 19.80633 19.97307 15.53789 13.53852 14.23497 16.92610 7.955616 9.346372 9.593492 10.92522 11.55922 11.39984 10.24745 8.996589 7.907862 7.820314 8.57249
3.619393 2.589098 3.000036 3.355119 3.426548 3.686181 4.358304 6.137332 6.939111 6.949384 6.862287 7.001674 21.04315 24.61111 28.35122 26.96381 30.37531 32.96122 26.17806 30.10781 29.16958 16.35402 11.70071 16.24242 20.10073 22.02528 22.653 17.62091 13.53852 20.09037 10.47945 10.87842 12.95688 13.28291 14.89086 14.68151 14.14889 13.40714 12.08558 11.83089 10.26443 11.62257
2.915756 2.787636 3.417327 3.438967 3.48941 3.705618 4.458522 6.270314 7.155038 7.160861 7.194373 7.349339 24.09656 28.39611 31.92203 29.81952 33.82698 36.5594 28.61076 32.79165 31.37503 17.37310 12.94264 16.29850 20.46754 22.41594 22.653 17.57839 15.84929 11.30727 10.47945 11.19158 13.03057 13.77019 15.36136 15.40204 14.62998 14.09032 12.85782 12.45857 10.70881 11.62257
6.923253 5.848215 6.205349 6.564014 7.15921 7.733552 8.422481 10.15515 13.25947 16.7447 18.89855 20.49542 28.85494 31.26883 34.39204 33.00925 37.99958 39.94105 32.98962 40.46799 38.15799 19.92079 21.22218 34.35514 36.36265 36.26093 38.13702 29.56636 19.31546 17.16267 12.62833 27.05824 29.75681 30.61620 32.70265 31.73406 29.19994 30.91354 29.84725 31.28908 26.04008 21.28116
7.566232 6.879581 7.222495 7.75602 8.498806 9.092035 10.04943 11.45009 15.58518 20.33283 23.40262 25.63707 29.61343 30.89357 33.13175 32.24939 37.6282 38.94757 33.55725 41.11250 38.57947 21.44941 22.05014 40.94413 42.03293 40.88635 43.08744 34.02996 22.78163 20.09037 14.77722 32.27754 35.79889 37.2293 39.69294 37.97866 34.56059 37.06213 36.68715 38.66436 33.15023 28.90636
5.900148 6.711984 7.204238 7.758286 8.370915 9.096354 10.05156 11.55038 15.79660 21.16247 24.48497 26.91365 30.58262 31.4597 34.57875 32.92574 38.56758 39.92194 33.84106 42.40151 39.67729 23.99710 23.70604 42.71055 43.63773 42.43336 44.98572 35.60286 22.78163 14.23497 14.77722 34.26087 37.64099 39.10881 41.64216 39.73996 36.34747 38.68467 38.34196 40.39050 34.70557 29.41470
6.462249 7.119374 7.17555 7.735624 8.396928 8.88038 9.842596 11.50895 15.39849 20.88360 23.78144 26.26992 30.66365 31.72497 34.23255 33.13450 38.70958 40.15757 34.28706 42.56504 39.86353 23.48756 24.53400 42.26193 43.48489 42.48024 44.65073 35.43281 22.78163 17.16267 16.92610 33.53017 36.83046 38.34308 41.10444 39.41972 36.00384 38.34308 37.90068 40.39050 34.03899 29.92305
5.107545 5.394414 5.701993 6.199161 6.753863 7.163378 8.113296 9.481515 12.41825 16.09865 17.7916 19.52576 25.65567 27.57441 30.70843 29.51892 34.88106 36.52119 31.24618 38.43828 36.44264 22.46848 22.05014 35.56079 37.64649 37.52667 39.27227 30.9267 22.78163 20.09037 14.77722 28.1021 30.93575 31.52115 33.50922 32.69477 30.36829 30.91354 30.50917 31.446 27.37323 24.83958
3.611305 3.127987 3.193033 3.95792 4.165711 4.649429 5.219756 6.002169 6.984096 7.932402 8.852342 10.00572 14.43392 16.16441 19.52923 18.99786 23.52110 25.16624 23.38045 28.03 28.15018 14.31587 10.87276 21.87812 25.52646 28.15083 28.85033 22.38208 12.38313 5.451869 8.330573 15.88895 17.89370 16.41543 17.71386 18.68446 17.99757 15.88366 14.51263 14.49854 12.48635 11.62257
2.507322 3.050635 3.044374 3.769828 3.970624 4.480969 5.247476 5.851747 6.61747 7.514096 8.392342 9.48422 13.19246 14.72158 17.57656 17.39465 21.49488 23.17291 22.77228 26.36583 26.75830 15.33495 11.70071 21.68185 25.28192 28.10395 28.42229 22.33957 11.22774 5.451869 8.330573 16.09772 18.04107 16.20659 17.71386 18.44428 17.99757 15.71286 14.40231 14.02778 11.59758 10.60588
3.19074 3.161506 3.195641 3.577204 3.966289 4.254195 4.912704 5.893167 6.603975 7.297972 8.109453 9.00618 14.33019 16.03825 19.26472 18.61375 22.9968 24.73955 22.85337 27.22196 27.57186 13.80633 11.70071 20.36405 24.16621 27.0101 27.62203 21.27681 14.69390 8.37957 10.47945 14.94947 16.56739 15.02320 16.43679 17.40352 17.03540 14.77350 13.07846 12.92933 11.59758 12.13092
2.923843 3.256908 3.482528 3.742634 3.981462 4.450732 5.202697 6.170033 6.939111 7.632616 8.343143 9.201742 15.56193 17.57813 21.06569 20.42572 25.01210 26.86661 24.71844 28.8188 28.84612 12.78725 12.52867 19.94347 23.81468 26.66632 27.02649 20.80919 13.53852 8.37957 6.181692 14.01 15.97792 14.74475 15.76465 17.00322 16.62304 14.09032 12.85782 13.08625 11.15320 10.60588
3.069423 2.648402 3.187817 3.559074 3.756028 4.331946 4.940424 5.989089 6.714187 7.400224 8.163571 9.030625 15.72724 17.84017 21.86698 20.91837 25.71663 27.73909 24.27244 28.76108 28.60107 16.35402 12.11469 18.76587 22.50028 25.11931 25.55625 19.78894 11.22774 8.37957 10.47945 13.2793 15.24108 14.11825 15.36136 16.04252 15.86705 13.83413 12.30622 12.30165 10.48662 11.11422
3.154345 2.821156 2.973956 3.468427 3.643312 4.256355 5.01079 5.949848 6.590479 7.251493 7.94464 8.76716 15.68510 17.73664 21.30685 20.68457 25.30156 27.23598 23.94808 27.52979 27.16998 14.31587 11.70071 17.75649 21.12474 23.49416 23.5277 18.51363 11.22774 8.37957 6.181692 12.54860 14.20951 13.28291 14.21872 15.08181 14.49253 12.72397 11.42365 11.2032 9.820044 9.589183
2.68121 2.679343 2.786175 3.305263 3.630306 4.083575 4.676018 6.05449 6.552242 6.875019 7.115656 7.601939 18.33009 21.05257 25.23552 23.62379 28.56754 30.54758 25.52934 29.73265 28.89513 14.82541 10.45878 16.60692 20.43697 22.74409 23.08104 17.91848 12.38313 8.37957 6.181692 10.98281 12.73583 12.30834 13.41215 14.20116 13.80526 11.86999 10.87204 10.26168 9.153467 9.589183
3.615349 3.556004 3.834617 4.091624 4.300104 4.55656 5.23255 6.501399 7.141542 7.609377 7.868383 8.256527 18.99134 22.01014 25.59338 24.17489 29.20654 31.19079 26.46187 30.16552 29.02255 14.31587 12.52867 19.18644 22.46971 24.19735 24.30934 18.98124 10.07235 8.37957 6.181692 14.01 15.90424 15.58009 16.77286 16.84311 16.07323 15.20048 13.74039 13.71394 11.59758 12.63926
4.10466 4.092314 4.2493 4.576584 4.809497 5.096498 5.699525 7.281854 8.790233 10.29118 11.00721 11.74948 22.76758 25.4037 29.44036 27.37296 33.05691 34.79534 29.58384 34.82135 32.63948 14.82541 15.01253 25.55113 28.75134 29.63533 30.41362 23.69991 13.53852 11.30727 10.47945 19.12491 21.72527 22.26280 23.96479 23.32788 21.98369 21.86145 20.02868 20.14770 16.93020 16.19769
4.403908 4.708556 5.073449 5.59636 5.990857 6.420424 7.341401 8.825323 11.02597 13.28671 14.65031 15.81281 26.30395 28.84578 32.68054 30.84658 36.97282 38.88388 33.55725 40.20827 37.58947 18.39218 19.15230 32.81304 35.1858 35.69838 36.79706 28.46109 15.84929 11.30727 10.47945 24.23982 27.32524 28.04057 29.87965 28.77189 26.79453 27.41226 25.87569 25.95377 21.15185 19.75612
6.923253 6.706827 6.617424 7.31185 7.998083 8.431151 9.390547 10.94214 14.44706 18.90362 21.56262 23.38539 29.50323 30.64447 33.70744 31.37263 37.64458 38.76288 33.92215 40.94897 37.83452 18.90171 21.22218 38.98146 39.43469 38.82366 41.00305 31.98946 17.00468 8.37957 8.330573 30.39859 33.58837 34.37522 36.53387 34.93642 32.2239 33.98783 33.59816 34.89826 29.59515 24.33124
6.579523 7.096168 7.222495 7.570194 8.574674 9.092035 9.987593 11.45009 15.50196 20.38396 23.53545 25.542 29.71716 30.52801 32.87114 30.79648 37.2732 38.20246 34.00324 40.94897 37.70710 20.43033 21.22218 41.72921 41.5897 40.49569 42.45468 33.30729 19.31546 11.30727 10.47945 32.69508 36.01994 36.88124 39.35687 37.33819 34.35441 36.80593 35.80458 37.87976 32.03927 25.34793
7.368082 7.140001 7.06601 7.851199 8.524817 9.096354 10.1134 11.55038 15.88208 21.27634 24.55385 26.78871 30.92945 31.43058 34.66043 31.98219 38.66589 39.61626 34.3276 42.57466 39.25581 19.92079 23.70604 43.46758 43.43904 42.2771 44.72517 35.13524 19.31546 11.30727 10.47945 34.46964 38.00941 38.96959 41.44051 39.41972 36.14130 38.42848 37.90068 40.07665 33.8168 28.90636
6.462249 6.907944 6.901702 7.642711 8.472795 8.88038 9.962006 11.41303 15.27478 20.42579 23.10989 25.07211 29.46757 30.2595 32.82446 30.69628 37.04382 38.01778 33.67888 40.82391 37.61888 21.95894 22.46411 41.28059 41.5897 40.6207 42.41746 33.34980 19.31546 11.30727 10.47945 32.27754 35.65152 36.81163 39.28965 37.49831 34.42314 36.63514 36.02522 37.56592 31.59488 27.38132
6.555259 6.031282 6.520925 6.937932 7.590569 8.135266 9.205036 10.60860 13.96798 18.31102 20.34989 22.15227 28.52432 29.91982 32.94504 30.57938 37.1312 38.26614 33.39507 40.54495 37.53066 19.41125 21.22218 38.81323 39.35827 38.85492 40.79834 31.90444 20.47085 11.30727 10.47945 30.18982 33.29364 33.88794 35.99616 34.45607 31.88027 33.30466 32.49495 34.11366 27.59542 25.85628
2.604376 2.694813 3.193033 3.772094 4.087676 4.580317 5.219756 5.853927 6.858139 7.855712 8.852342 9.973124 13.95095 15.51093 18.78628 18.32150 22.59265 24.21097 22.56955 26.96224 27.2778 13.29679 12.11469 21.12108 24.96096 27.49452 28.06869 21.91447 12.38313 5.451869 1.88393 15.47140 17.59897 16.06737 17.37779 18.12405 17.51648 15.62747 14.07135 14.02778 11.81977 11.11422
3.004721 3.050635 3.044374 3.676915 3.970624 4.340585 5.185639 6.095911 6.867136 7.630292 8.461218 9.579285 14.83261 16.66908 19.94543 19.30681 24.01264 25.73940 23.70481 27.94342 28.11097 14.31587 11.70071 19.74721 23.78411 26.66632 26.82177 20.93673 12.38313 -0.403531 6.181692 14.11439 15.97792 14.53591 15.76465 16.60293 16.27941 14.09032 12.63718 12.61549 10.26443 9.080836
2.701429 2.947498 3.333869 3.763029 3.966289 4.463691 5.034245 6.04141 6.687196 7.376985 8.040576 8.878522 15.12110 17.14140 20.50945 19.73266 23.99079 25.94319 22.85337 27.46245 27.73850 14.82541 10.45878 18.73783 22.74482 25.57247 25.9843 20.21405 10.07235 -0.403531 1.88393 13.69684 15.31477 14.25747 15.42858 16.52287 16.07323 13.74873 12.30622 12.92933 10.93101 10.09753
2.426444 3.042899 3.065238 3.742634 3.829728 4.38162 4.89991 5.873547 6.603975 7.286352 7.905282 8.821483 14.33992 16.13530 19.31918 19.04796 22.98041 24.86692 23.05609 26.97186 27.33661 13.80633 9.630829 19.71917 23.76883 26.40067 26.82177 20.93673 11.22774 8.37957 1.88393 14.42755 16.27266 15.16242 16.10072 17.40352 16.89794 14.51730 13.07846 13.55701 11.59758 10.60588
3.069423 2.86241 2.908754 3.559074 3.834063 4.262834 4.878587 5.890987 6.502759 7.284029 8.163571 8.902967 14.86178 16.8373 20.56002 19.93306 24.32941 26.11513 23.05609 27.2412 27.23859 14.31587 10.04481 19.10233 22.56141 24.88491 25.33293 19.66141 13.53852 2.524169 4.032811 13.48807 15.53582 14.32708 15.56300 16.28269 15.93578 13.74873 12.30622 11.98780 10.70881 11.11422
2.656946 3.035164 3.253019 3.842345 4.174381 4.880523 5.673937 6.928687 7.809566 8.559859 9.36154 10.01115 17.46788 19.82648 23.54736 22.73033 27.48616 29.41399 25.36716 29.48254 29.00295 15.33495 10.04481 19.07429 22.56141 24.93179 24.97933 19.36384 10.07235 5.451869 1.88393 12.75737 14.87266 13.97902 15.09250 15.56216 15.04234 13.15095 11.97525 11.67396 10.04224 9.080836
2.199986 2.679343 3.206074 3.586268 3.860075 4.29523 4.919101 6.501399 7.139293 7.223607 7.388704 7.824662 19.78548 23.01624 27.21152 25.7781 30.28792 32.46449 26.74569 31.63731 30.70849 14.82541 10.45878 17.84060 22.22517 24.61926 24.84905 19.06626 11.22774 2.524169 6.181692 11.60912 13.39899 13.07407 14.42036 15.00175 14.56125 12.80936 11.09269 10.26168 10.04224 8.57249
3.615349 3.770012 3.975453 4.27745 4.603572 4.90428 5.533205 6.845845 7.969261 8.729506 9.081112 9.644471 19.74659 22.60215 26.08738 24.84289 29.79092 31.59201 27.23223 31.3391 29.98315 15.33495 10.45878 21.85008 25.28192 26.72882 27.06371 21.02175 11.22774 2.524169 4.032811 16.09772 18.18844 18.29494 19.79751 19.48505 18.54737 17.76239 16.16745 15.91083 13.81950 12.13092
4.593971 4.306323 4.390135 5.326686 5.500972 6.012232 6.614285 7.879185 10.05205 12.49425 13.60978 14.76167 23.07875 25.43281 29.52204 27.73201 33.64129 35.34939 30.51637 36.37009 34.11958 16.35402 15.84048 30.62605 33.03079 33.54194 34.39629 26.88820 13.53852 8.37957 6.181692 23.71789 26.51472 26.78756 28.60258 27.49094 25.69491 26.04591 24.77248 25.63993 20.92965 16.70604
4.901307 5.559433 5.900205 6.532288 7.20473 7.603968 8.484318 9.954584 12.85910 16.07541 18.04251 19.72676 26.88093 28.70668 32.3149 30.71298 36.72159 38.2343 33.27343 40.2756 37.75610 18.39218 17.91037 37.01878 38.4871 38.433 39.88642 31.05423 14.69390 5.451869 6.181692 28.41526 31.30417 32.14765 34.24858 32.93495 30.50574 31.68211 30.72981 31.91677 26.48446 21.78950
7.40852 6.923414 7.170333 7.966773 8.455454 9.130911 10.11766 11.72914 15.76287 20.69536 23.78882 26.02276 30.32654 31.26883 34.07697 31.77344 38.02689 39.11315 33.59779 41.69928 38.56967 19.92079 20.39423 41.33667 41.62027 40.54257 43.14327 33.81741 17.00468 8.37957 4.032811 32.48631 35.87257 36.95085 39.08801 37.41825 34.42314 36.46435 35.69426 37.56592 31.37269 25.34793
7.566232 7.096168 7.360722 8.225117 8.802275 9.439755 10.47163 12.03652 16.29594 21.53894 24.96957 27.26675 31.38324 32.22641 34.53207 32.78379 39.17927 40.24674 35.26014 43.18069 39.99095 20.43033 22.05014 43.91619 44.18794 43.04279 45.24627 35.68788 19.31546 8.37957 6.181692 34.26087 38.00941 39.38726 41.97823 39.98013 36.62238 39.02626 38.67292 40.54742 34.03899 28.39801
7.861436 6.925992 7.204238 7.758286 8.448951 9.025083 9.93002 11.45227 15.71338 20.76275 23.97577 26.24548 30.09965 30.83534 33.99139 31.58139 37.92858 38.99215 33.39507 41.74738 38.51086 20.93987 20.80821 42.26193 42.70542 41.55828 43.99936 34.5826 18.16007 5.451869 4.032811 33.21701 36.75678 38.06464 40.36509 38.45902 35.17913 37.48911 36.90779 38.50745 32.92803 27.88966
6.462249 6.696514 7.037322 7.456885 8.245193 8.742156 9.544073 11.11873 14.56627 19.05235 21.49374 23.43700 28.27473 29.41192 32.29934 30.52093 36.58505 37.69298 32.90853 40.14093 37.16799 18.90171 20.39423 39.57026 40.38229 39.68312 41.22638 32.49959 17.00468 5.451869 4.032811 30.92052 33.95679 34.93211 37.20601 35.57689 32.97989 34.67101 33.70848 35.05518 29.59515 25.34793
6.074036 5.819852 6.247078 6.568547 7.209065 7.58021 8.537625 9.873923 12.96257 16.79583 18.73374 20.53888 26.40768 28.26024 31.49805 29.86962 35.84228 37.22172 32.17872 39.54452 36.95234 20.43033 19.15230 37.49543 38.79277 38.52676 40.50057 31.86193 17.00468 5.451869 1.88393 29.45912 32.48312 32.98299 35.32401 33.97572 31.39918 32.70687 32.27431 33.95674 28.03980 25.34793
3.105818 2.694813 3.607716 3.865007 4.317445 4.789813 5.403134 6.250694 7.195524 8.2043 9.329561 10.54894 14.19406 16.02207 19.39698 19.48216 23.26441 25.21718 22.89391 27.72218 28.44424 14.31587 10.87276 21.54165 25.77101 28.36960 29.01783 22.63715 13.53852 5.451869 6.181692 15.99333 17.82002 16.20659 17.31058 18.6044 17.99757 15.54207 14.07135 14.1847 11.81977 11.11422
3.506164 2.834048 3.320828 3.584002 3.894757 4.411857 5.125935 6.04795 6.783914 7.553603 8.495657 9.514097 14.7613 16.97964 20.25662 20.63447 24.52056 26.68830 24.02917 28.53021 29.2676 16.35402 10.87276 19.49486 23.87582 26.90072 27.06371 21.10677 12.38313 5.451869 8.330573 13.38368 15.31477 14.04863 15.56300 16.44281 16.07323 13.49254 12.30622 11.83089 10.93101 9.589183
2.701429 2.730911 3.057414 3.670116 3.966289 4.323307 4.974541 5.943308 6.729932 7.337479 8.040576 8.911116 14.88123 17.05729 20.32274 20.35056 23.81056 26.01961 22.56955 27.26044 27.92473 14.82541 9.630829 18.12099 22.39329 25.15056 25.68653 19.87396 12.38313 5.451869 8.330573 12.86176 14.72530 13.56135 14.68922 15.80234 15.31724 13.23635 11.75461 11.83089 10.26443 10.09753
2.426444 3.042899 2.927011 3.647455 3.829728 4.312508 4.89991 6.02179 6.729932 7.286352 7.905282 8.726418 15.22158 17.57813 20.91009 20.86827 24.53148 26.66282 23.17773 27.45283 27.81691 14.82541 10.45878 17.39199 21.70552 24.41612 24.86766 19.36384 13.53852 5.451869 4.032811 12.54860 14.28319 13.35252 14.21872 15.40204 14.90488 12.98016 11.97525 11.83089 9.597852 10.60588
4.056133 2.434393 3.046982 3.651987 3.90993 4.47233 5.002261 6.03923 6.88288 7.479238 8.370202 9.223471 15.34475 17.69782 21.49356 21.22732 25.15410 27.30604 23.17773 27.45283 27.72869 14.31587 11.28674 18.14903 22.1029 24.40049 24.86766 19.44886 12.38313 8.37957 8.330573 13.38368 15.24108 14.25747 15.42858 16.20263 15.72960 13.66333 12.30622 12.14473 10.48662 9.589183
3.154345 2.607147 3.391246 3.747166 4.174381 4.81141 5.554528 6.634381 7.514915 8.253102 9.093411 10.10622 16.81635 19.23447 22.92111 22.68858 26.95640 29.08920 24.71844 29.17472 29.07156 16.35402 11.70071 19.27056 23.50901 25.74436 25.90986 20.34158 12.38313 8.37957 8.330573 13.90561 15.90424 15.02320 16.10072 16.92316 16.55431 14.34651 12.96814 13.24317 12.04196 12.13092
2.68121 2.893351 3.206074 3.77436 3.935942 4.29523 4.859396 6.05449 6.761421 7.1841 7.526458 8.115289 16.94601 19.60326 23.12337 22.54663 26.64509 28.59883 23.66427 28.35706 27.92473 15.33495 11.70071 18.23314 22.53085 24.32236 24.71878 19.36384 12.38313 8.37957 6.181692 13.2793 15.38845 15.02320 16.30236 16.84311 16.34813 14.77350 13.40943 13.24317 11.37539 10.60588
4.108704 4.412038 4.530971 5.025286 5.360076 5.59972 6.501272 7.63066 9.462755 11.39504 12.31095 13.4036 20.97832 23.73118 27.05593 26.40435 31.3693 33.06312 27.67822 33.29186 31.71809 16.86356 15.42651 27.06519 30.11160 30.60417 31.15805 24.59263 13.53852 8.37957 6.181692 21.10825 23.56736 24.14232 25.64515 24.92906 23.15204 23.56939 22.56606 22.50151 18.92992 16.70604
5.564505 4.950927 5.083881 5.607691 5.96051 6.435543 7.16442 8.426375 10.76506 13.51678 15.08326 16.58962 23.21814 25.60427 29.41313 28.76742 33.69591 35.54681 29.86765 36.78373 35.20759 20.43033 17.91037 32.28031 35.52204 35.60462 36.92733 29.26879 17.00468 5.451869 10.47945 25.91 28.4305 29.15435 31.15672 30.45312 28.10033 28.94941 28.41307 29.40603 24.92911 20.77281
6.38946 6.198879 6.591343 7.377569 7.811667 8.370679 9.264741 10.74158 14.02421 17.84159 20.32775 22.06535 27.8339 29.49603 32.65331 31.50624 36.72159 38.28525 32.78689 40.14093 37.78551 20.43033 21.22218 37.43935 39.1443 38.79241 40.18418 31.60686 18.16007 11.30727 8.330573 29.14596 32.1147 32.98299 35.12237 34.13583 31.46791 32.70687 32.16399 33.64290 28.70638 25.85628
7.893787 7.354009 7.44418 7.966773 8.836957 9.340406 10.29891 11.87738 16.1025 21.33909 24.79984 27.35638 30.83869 31.97407 34.73434 33.49355 38.75873 40.11937 33.59779 42.5939 40.02036 23.48756 21.22218 42.43016 43.48489 42.21459 44.98572 35.56034 20.47085 11.30727 8.330573 33.94772 37.34625 38.55192 41.23887 39.57984 36.21002 38.59927 38.45228 40.70434 34.70557 29.41470
7.566232 7.312755 7.49895 8.129937 8.878141 9.370643 10.47163 11.89046 16.21271 21.23916 24.73588 27.11192 30.70255 31.97084 34.08863 33.3516 38.69320 40.06842 34.16542 42.63237 39.99095 21.44941 21.22218 42.87878 44.15738 42.94904 45.20905 35.81541 20.47085 11.30727 6.181692 33.84333 37.64099 39.10881 41.70937 39.98013 36.48493 38.77007 38.67292 40.86126 34.48338 30.43140
7.368082 6.497975 6.786948 7.477281 8.063112 8.606091 9.565396 11.15579 14.99813 19.73326 22.44818 24.59135 28.71880 29.92305 33.03062 31.53964 36.78713 38.2343 32.01654 40.43913 37.96195 23.99710 21.63616 39.5983 41.31459 40.3238 42.41746 33.51984 21.62624 5.451869 10.47945 31.33807 34.61995 36.11551 38.5503 36.93789 33.73588 35.52498 35.14265 36.62439 31.37269 27.38132
6.462249 6.059645 6.348793 6.899407 7.564557 7.979764 8.887322 10.29031 13.39892 17.21878 19.27246 21.17174 26.83879 28.70668 31.80534 30.96348 36.13174 37.66751 32.01654 39.48680 37.19739 20.93987 18.73832 37.10289 39.17487 38.69865 40.16558 31.64938 19.31546 8.37957 8.330573 29.14596 31.89364 32.84376 35.18958 34.05577 31.39918 32.79227 31.50206 32.85829 28.26200 26.36462
5.107545 5.182984 5.428145 5.734597 6.144758 6.610482 7.386179 8.598598 11.16093 14.45564 16.04015 17.68966 23.57145 25.74338 28.94636 28.18292 33.28629 34.95455 29.58384 36.37009 34.76651 21.44941 18.32434 33.26165 36.02641 35.96403 37.65315 29.86393 20.47085 11.30727 8.330573 26.84947 29.60944 30.40736 32.50101 31.73406 29.47485 30.31576 29.73692 30.97524 26.70665 24.33124
3.105818 2.694813 3.331261 3.772094 4.087676 4.509046 5.098215 5.853927 6.772667 7.70001 8.749026 10.00572 13.71108 15.51093 18.70849 18.73066 22.64726 24.51665 22.56955 27.13539 27.92473 16.86356 12.11469 20.86874 25.20550 27.88518 28.45951 22.21204 17.00468 14.23497 10.47945 15.68018 17.4516 15.85854 17.10893 18.20410 17.79139 15.54207 13.85071 14.49854 12.70854 11.62257
2.507322 2.617461 3.182601 3.676915 3.970624 4.271473 5.004393 5.949848 6.700692 7.476913 8.392342 9.48422 14.48902 16.44263 19.68482 19.70761 23.85972 25.81582 23.421 27.80875 28.36582 16.86356 11.70071 19.1584 23.44787 26.36942 26.59845 20.72417 13.53852 11.30727 10.47945 13.80123 15.46213 14.11825 15.36136 16.28269 15.79833 14.00492 12.63718 12.30165 10.70881 11.62257
3.19074 3.592102 3.195641 3.948855 4.198225 4.675346 5.277328 6.335716 7.231512 7.955641 8.726887 9.706943 15.46144 17.62342 21.06569 20.57602 24.6571 26.80293 23.46154 28.19353 28.64028 15.84448 10.45878 19.13036 23.20333 25.96313 26.63567 20.55413 14.69390 11.30727 12.62833 13.80123 15.60950 14.32708 15.56300 16.52287 16.00450 13.83413 12.52686 12.92933 11.37539 11.11422
2.923843 2.826312 3.203465 3.835547 4.133196 4.72934 5.443648 6.366236 7.314734 8.095076 9.083571 10.06004 15.49386 17.71723 21.29907 21.21897 25.36710 27.54804 24.27244 28.85728 29.07156 16.86356 10.45878 19.63505 23.52429 26.10377 26.31929 20.4266 15.84929 14.23497 12.62833 13.90561 15.68319 14.60553 15.42858 16.76305 16.14196 13.83413 12.7475 12.77241 10.26443 10.09753
3.562778 3.078997 3.326045 3.842345 4.141867 4.755257 5.490559 6.538459 7.391208 8.334439 9.238545 10.16054 15.58786 17.72694 21.57136 21.31917 25.43263 27.45888 23.50209 28.07810 28.15018 16.35402 14.18458 19.32663 23.00464 25.21306 25.63070 20.08651 15.84929 14.23497 10.47945 14.11439 15.90424 14.81436 16.10072 16.68299 16.34813 14.17572 12.7475 13.24317 11.15320 11.62257
3.6477 3.249172 3.253019 3.654253 4.098514 4.604074 5.25174 6.586421 7.305737 7.713953 8.18079 8.864942 17.67208 20.45085 24.01802 23.57369 27.61724 29.84068 25.20498 29.30939 28.94414 17.37310 13.77060 18.31725 22.40857 24.54113 24.71878 19.32133 14.69390 17.16267 12.62833 12.65298 14.57793 14.18786 15.42858 16.04252 15.52342 13.74873 12.41654 12.61549 10.93101 10.60588
4.614191 4.182559 4.184098 4.708022 5.162821 5.4183 5.957534 7.246973 8.689017 10.01231 10.66282 11.4507 19.95728 22.5051 26.06404 24.78444 29.31577 30.97427 25.52934 30.46373 29.15978 16.35402 12.52867 22.29869 25.41948 26.32254 26.95205 21.14928 15.84929 14.23497 10.47945 17.14158 19.36738 19.19989 20.80572 20.44575 19.37209 18.87255 17.4913 18.26464 14.93046 16.19769
5.596857 5.268072 5.083881 5.585029 6.04288 6.571607 7.347798 8.611679 10.99448 13.75149 15.20379 16.65481 23.99607 26.41303 29.93436 28.85927 34.34583 35.8334 30.43528 36.54324 34.27640 18.90171 15.42651 31.8317 34.05481 33.94822 34.89878 27.35581 18.16007 14.23497 14.77722 24.55298 27.47261 28.11018 29.87965 28.77189 26.65707 27.58305 26.86858 27.20914 23.15158 19.75612
5.079238 5.378943 5.501171 6.26488 6.805886 7.208733 8.079179 9.372514 12.06962 15.32711 17.17171 18.86846 25.04629 27.0471 31.14408 29.98653 35.48182 37.18351 31.73272 39.12127 36.91314 20.43033 20.80821 35.6449 37.95216 37.82357 39.43976 31.05423 21.62624 17.16267 12.62833 28.1021 31.00944 31.66037 33.77808 32.69477 30.09339 31.34052 30.28853 31.91677 26.70665 23.31454
6.38946 6.626896 7.28248 7.939579 8.494471 8.997006 9.925756 11.43047 15.27253 19.92382 22.67941 24.84395 29.19205 30.51183 33.48961 32.17424 37.66097 38.93483 33.71943 41.17022 38.64808 21.44941 22.87809 40.41141 41.48272 40.77696 42.6594 33.64737 21.62624 14.23497 16.92610 31.96438 35.06205 36.25473 38.5503 37.01795 34.14823 36.03736 35.36329 37.25207 31.81707 26.87297
7.893787 7.354009 7.032106 7.780947 8.609355 9.200023 10.17737 11.58308 15.67740 20.74184 23.92412 26.27536 29.64261 30.7027 33.44682 31.90704 37.44251 38.76288 32.98962 41.25679 38.69709 24.50664 22.46411 41.44883 42.30804 41.18325 43.73881 34.71013 23.93701 17.16267 16.92610 33.11263 36.53573 37.78619 40.16344 38.69919 35.31658 37.57451 37.12843 39.76281 34.26118 29.92305
7.566232 7.096168 6.943431 7.75602 8.574674 9.232419 10.16884 11.59615 15.71114 20.83712 24.03481 26.29437 30.02185 31.12326 33.38848 32.38299 37.93404 39.34878 34.00324 41.97825 39.34403 23.48756 22.87809 42.40213 43.39319 42.23022 44.57629 35.26277 23.93701 17.16267 14.77722 33.3214 36.90415 38.55192 41.17166 39.2596 36.00384 38.34308 38.011 39.91973 34.26118 30.43140
6.38946 6.283967 6.369657 7.008183 7.679441 8.325324 9.141068 10.56064 14.07144 18.1925 20.71395 22.71179 27.30231 28.70021 32.09707 30.46248 35.94605 37.32998 31.85436 39.42909 36.90333 22.97802 20.80821 38.08423 39.60281 38.85492 40.70528 32.15950 21.62624 14.23497 12.62833 30.08543 33.07259 34.02716 36.19780 35.01648 32.08645 33.30466 32.71559 34.4275 29.81734 26.36462
5.467452 5.422776 5.660264 6.15837 6.881753 7.288644 8.051459 9.411754 12.06737 15.32943 17.01919 18.68648 25.91823 28.05967 31.17909 30.38733 35.30159 36.89693 31.24618 37.98616 35.82511 23.48756 18.73832 33.45792 36.3168 36.15155 37.33676 29.43883 20.47085 14.23497 14.77722 26.53631 29.31471 30.26814 32.29937 31.57395 29.13122 30.05957 29.51628 30.81832 26.70665 23.82289
5.107545 4.548694 5.018679 5.458124 5.84129 6.055427 6.900013 8.304293 10.48841 12.87538 13.98614 15.12563 24.18732 26.60066 30.07828 28.75907 34.0946 35.77608 30.19201 36.75487 34.80571 19.41125 18.32434 29.92510 33.3059 33.94822 35.17794 27.52586 19.31546 14.23497 14.77722 23.19597 25.77788 26.4395 28.46815 28.05135 26.24471 26.55829 25.87569 26.26761 22.485 21.28116
2.604376 3.127987 3.054806 3.772094 4.011809 4.509046 5.03851 5.901887 6.772667 7.776699 8.749026 9.878059 14.5733 16.30675 19.8443 19.08136 23.96349 25.64387 24.31299 28.41478 28.57166 15.84448 15.01253 20.58835 24.12036 27.10386 27.43593 21.19179 17.00468 17.16267 14.77722 15.15825 16.49371 14.95359 16.10072 17.2434 16.62304 14.26111 13.18878 13.55701 11.15320 12.63926
3.506164 3.050635 3.182601 3.769828 4.124526 4.621353 5.247476 6.143872 6.950357 7.897543 8.832663 9.897072 14.69323 16.38763 19.63425 18.99786 24.03995 25.61840 24.79953 28.55907 28.56186 16.86356 14.59855 21.28931 24.86926 27.8383 28.01285 21.70192 12.38313 17.16267 14.77722 15.36702 17.08318 15.37125 16.70565 17.48358 17.10412 14.77350 13.74039 13.08625 11.81977 10.60588
4.165318 3.161506 3.610324 4.22986 4.352127 4.884842 5.460707 6.433817 7.274247 8.267046 9.13769 10.08992 15.73696 17.5943 21.11625 20.21696 25.17048 26.9303 24.88062 29.54026 29.31661 15.84448 14.59855 22.35477 25.86271 28.54149 29.11088 22.33957 15.84929 17.16267 14.77722 16.30649 18.11476 16.83310 18.38601 19.08476 18.40992 16.31064 14.62296 15.44007 12.48635 12.13092
4.921526 3.256908 3.620756 4.021373 4.284931 4.72934 5.565189 6.414197 7.314734 8.287961 9.218865 10.25017 15.59758 17.60401 21.19405 20.50922 25.59648 27.36972 25.32661 29.67493 29.22839 17.88264 14.59855 22.52299 25.84742 28.26021 28.51534 22.21204 14.69390 14.23497 14.77722 16.20211 18.33581 17.11154 18.04993 19.16481 18.47865 16.31064 15.06424 15.44007 12.48635 13.14761
4.056133 3.078997 3.326045 3.937524 4.681607 5.036025 5.735774 6.837125 7.771328 8.685351 9.550952 10.45116 16.62511 18.29954 22.21317 20.96012 26.28463 27.76457 25.20498 29.34787 28.65988 16.35402 16.25446 21.87812 24.94568 27.10386 27.45454 21.40434 17.00468 14.23497 12.62833 15.99333 17.82002 16.69387 17.98272 18.52434 18.13502 16.13985 14.18167 14.65546 12.48635 12.63926
2.656946 3.035164 3.112183 3.468427 3.870913 4.256355 4.889248 6.146052 6.842394 7.174804 7.538758 8.164179 17.05622 19.23447 22.66049 21.44442 26.44301 28.19125 25.0428 28.58793 27.71889 15.33495 13.77060 19.04625 22.56141 24.69739 24.71878 19.40635 15.84929 17.16267 14.77722 13.59246 15.24108 14.88397 16.03350 16.68299 16.07323 14.34651 13.18878 13.24317 12.04196 13.14761
5.580681 4.824584 4.601388 5.174853 5.546492 5.908564 6.507669 7.643741 9.399776 11.25096 12.09694 12.92556 20.96211 22.81566 26.32854 23.75739 29.69808 30.59853 26.74569 30.94470 28.66968 15.33495 15.42651 24.68194 26.68803 27.24450 27.77092 21.82944 15.84929 17.16267 12.62833 19.54246 21.35685 21.14902 22.75494 21.96688 20.88407 21.17827 19.69772 19.83385 16.70800 16.19769
5.596857 5.268072 5.501171 5.770855 6.194614 6.640719 7.409635 8.561538 10.99448 13.82818 15.03652 16.46740 23.82428 25.64956 29.09806 27.12246 33.42829 34.55970 30.59746 35.82178 33.03155 18.90171 17.49639 31.43916 33.26005 33.32317 34.17296 26.84569 18.16007 11.30727 16.92610 24.55298 27.17787 27.97096 29.87965 28.69183 26.93198 28.01004 26.97890 27.83682 23.81815 20.77281
6.049772 6.237556 6.335752 7.110161 7.649095 8.126627 9.115479 10.51703 13.87801 18.07863 20.18754 21.94584 28.05108 29.31163 33.13953 30.52928 37.37151 38.48904 34.20597 41.08364 37.97175 20.43033 23.70604 39.79457 40.13775 39.71437 41.54276 32.58461 19.31546 17.16267 19.07498 31.23368 34.03048 34.30561 36.46666 35.09654 32.36135 33.90243 32.93623 34.89826 28.70638 24.83958
5.892061 6.626896 7.144253 7.939579 8.570338 8.997006 10.04730 11.62668 15.56493 20.51177 23.28208 25.60176 30.10937 30.8224 33.90971 31.42273 38.37096 39.3042 35.42232 42.46885 39.05976 20.43033 24.94797 43.35543 42.93467 42.21459 44.05519 34.5826 21.62624 17.16267 14.77722 34.15649 37.34625 37.99503 40.29787 38.53907 35.59148 37.31832 36.68715 38.66436 32.70584 28.39801
7.893787 6.923414 6.893878 7.499942 8.151985 8.852303 9.753039 11.28659 15.29503 20.2817 23.14679 25.38718 29.84681 30.47625 33.52462 30.62113 37.89581 38.81383 34.53033 42.08406 38.66769 20.93987 24.12002 42.71055 42.27747 41.24575 43.86909 34.24252 21.62624 20.09037 19.07498 33.94772 37.05152 37.71658 40.02901 38.21884 35.17913 37.06213 36.4665 38.35052 32.26146 26.87297
7.072877 6.879581 6.943431 7.289188 8.195337 8.815587 9.746642 11.10783 14.95764 19.62868 22.40144 24.69728 29.44488 30.64123 33.52073 31.32253 38.76966 39.84552 35.70614 43.27688 39.76551 19.41125 24.12002 43.97227 43.66829 42.80839 44.81823 35.13524 22.78163 17.16267 16.92610 34.15649 37.41994 37.92542 40.4323 38.53907 35.52276 37.31832 36.13554 38.82129 32.26146 28.90636
6.38946 5.641942 5.675912 6.446174 6.756031 7.275685 8.109032 9.573077 12.38451 15.28063 16.97737 18.34968 27.40603 29.18547 33.1901 30.01158 36.88543 38.06235 33.23289 39.81387 36.60928 19.92079 20.80821 34.60749 36.2251 36.40157 37.54148 29.14126 20.47085 17.16267 19.07498 26.84947 29.09365 29.22396 31.29115 30.37306 28.37523 28.52242 27.53051 28.62143 24.70692 20.77281
4.472654 4.574478 4.971734 5.415067 5.971348 6.388028 7.094053 8.533197 10.77631 13.09382 14.15833 15.31847 25.67836 27.74910 31.33468 29.05967 35.47636 36.85235 32.13817 37.98616 35.30561 18.90171 20.39423 30.8784 33.58101 34.33889 35.01044 27.18577 19.31546 14.23497 19.07498 23.50912 25.92525 26.30028 28.33372 27.89124 26.03854 26.1313 24.55184 25.16916 21.15185 19.24777
4.626322 4.334685 5.018679 5.365211 5.613688 5.917202 6.840309 8.598598 10.27923 11.80172 12.23470 12.87939 26.30395 28.94607 32.735 29.96148 36.65059 38.18972 33.23289 39.43870 36.7269 18.39218 17.49639 28.52318 32.26660 33.69820 34.78711 26.63313 18.16007 20.09037 19.07498 20.06439 22.83052 23.30698 25.30908 25.40941 24.1142 23.56939 22.34542 22.03075 18.26335 18.23108
3.105818 2.9114 3.193033 3.772094 4.087676 4.509046 5.098215 6.002169 6.815403 7.932402 8.987636 10.13337 14.67702 16.41998 19.89876 19.26506 24.24202 25.94319 24.92116 29.13624 29.09117 15.33495 14.18458 22.35477 25.83214 28.63524 29.1481 22.42459 13.53852 11.30727 12.62833 15.68018 17.82002 16.27621 17.44500 18.52434 17.86011 15.71286 14.29199 14.34162 11.81977 12.13092
4.500961 3.050635 3.320828 4.048567 4.354295 4.761736 5.488427 6.340075 7.32598 8.473874 9.575551 10.81784 14.72889 16.30352 19.52923 19.08136 24.21472 25.73940 25.28607 29.28053 29.07156 15.33495 15.84048 24.34548 27.72733 30.26039 30.59973 23.82744 14.69390 14.23497 6.181692 17.24597 19.66212 18.22533 19.73029 20.20558 19.71572 17.76239 16.38809 16.38159 13.37512 12.63926
5.14394 3.375515 3.748551 4.415686 4.737966 5.234722 6.006577 6.976648 8.110963 9.466187 10.64560 11.96676 16.62835 18.50335 22.33764 21.32752 27.06017 28.78989 26.70514 31.98361 31.41423 14.82541 16.66844 26.47639 29.6378 31.76053 32.59106 25.10276 14.69390 14.23497 12.62833 19.02053 21.50421 20.03523 21.81393 22.44723 21.50260 19.98272 18.15323 18.73541 15.37485 14.67265
3.425286 3.473495 3.620756 4.116552 4.438832 5.005788 5.80614 6.808784 7.814064 8.980489 9.959294 11.10575 16.44683 18.48070 22.26374 21.44442 26.99463 28.66252 26.42133 31.0409 30.28701 14.82541 16.66844 24.68194 27.95658 30.05725 30.22751 23.52987 14.69390 8.37957 12.62833 17.97667 20.25159 19.13028 20.26800 21.16629 20.12808 18.27478 16.71905 17.32312 14.48608 13.65596
4.056133 3.078997 3.326045 3.842345 4.219902 4.755257 5.552396 6.586421 7.433943 8.218244 8.995015 9.837317 16.90063 18.70069 22.61381 21.09372 26.51401 27.94288 25.08334 29.28053 28.53245 17.37310 12.94264 21.28931 24.70114 26.86946 27.23121 21.19179 12.38313 17.16267 10.47945 15.68018 17.74634 16.90271 17.98272 18.6044 17.99757 16.05445 14.62296 14.96930 12.04196 13.65596
4.638454 3.463181 3.529474 3.935258 4.098514 4.604074 5.25174 6.440358 7.263001 7.944021 8.41694 9.022477 17.15994 19.20536 22.5049 20.95177 26.34471 27.71362 24.88062 28.34744 27.04256 15.33495 13.77060 20.4762 23.3256 24.86928 24.97933 19.61890 12.38313 14.23497 10.47945 15.15825 17.15686 16.62426 17.78108 17.88387 17.24158 15.96905 14.51263 14.96930 12.48635 12.13092
4.614191 4.396567 4.601388 5.270032 5.546492 6.048947 6.691048 7.892265 9.903605 12.06433 13.15470 14.37054 22.20682 24.38142 28.30844 25.81985 32.52168 33.77639 29.86765 35.63901 32.84532 16.35402 17.49639 30.8784 32.31245 32.61998 33.68909 26.25054 17.00468 14.23497 12.62833 24.03105 26.44103 26.36989 28.19929 26.93053 25.28255 25.70432 24.55184 24.6984 20.70746 17.72273
5.099458 5.054063 5.224716 5.770855 6.498082 6.850214 7.590881 8.858024 11.24415 14.02107 15.33909 16.52987 24.37208 26.24158 29.96159 27.88231 34.62437 36.00534 32.58417 38.12084 35.2468 16.86356 20.39423 34.35514 35.76659 35.93278 36.98316 28.88619 19.31546 8.37957 10.47945 26.11877 29.16734 29.4328 31.22394 30.21295 28.30650 29.03480 27.97179 28.77835 23.81815 19.75612
6.049772 6.451564 6.476588 7.110161 7.727129 8.195739 9.239153 10.61732 14.00396 18.55038 20.63278 22.23375 27.39631 28.17937 31.72754 28.72567 35.63475 36.52756 32.50308 39.12127 35.95254 17.37310 20.80821 38.36462 38.65522 38.30799 39.79337 31.22427 18.16007 17.16267 12.62833 30.08543 33.07259 33.40066 35.45844 34.05577 31.39918 32.62148 31.7227 33.17213 27.59542 22.80620
6.882814 6.840905 7.28248 7.846666 8.494471 8.997006 10.04730 11.57653 15.64816 20.8255 23.75192 25.85436 30.0413 30.42772 33.22900 30.13683 37.40428 38.13241 34.48978 41.30489 37.75610 18.39218 22.05014 42.51428 41.80368 40.90197 42.77106 33.60486 20.47085 14.23497 10.47945 33.42578 36.83046 37.50774 40.02901 37.81854 34.76677 37.23292 36.13554 38.19360 32.03927 26.87297
7.893787 6.923414 6.893878 7.780947 8.455454 9.061799 10.17737 11.63104 15.84834 21.29261 24.49727 26.81587 31.04614 31.38206 34.28701 31.14718 38.61127 39.41246 34.97632 42.66123 39.11858 18.90171 23.29207 43.71993 43.08751 41.93332 44.65073 35.05022 19.31546 11.30727 12.62833 34.57403 38.30415 38.83036 41.30608 39.33966 36.00384 38.51388 37.90068 40.07665 33.8168 28.90636
7.566232 6.662994 6.387914 7.196276 8.043604 8.470027 9.384151 10.86366 14.58202 19.02679 21.63396 23.59725 29.10453 29.93276 32.37714 29.91137 36.86905 37.80125 33.88161 40.46799 37.12878 19.41125 22.05014 40.04691 40.29058 39.44872 41.20777 32.15950 21.62624 14.23497 10.47945 31.23368 34.47258 35.34978 37.54208 35.81707 33.04861 34.9272 34.26009 35.99671 30.03953 26.36462
5.410837 5.427933 5.535076 5.977077 6.526261 6.997077 7.865948 9.573077 12.21582 15.28063 16.67235 18.09436 28.16452 29.66749 33.21733 29.96983 36.22459 37.30451 31.85436 38.04388 35.00175 17.88264 17.91037 31.49524 34.14651 34.18262 35.19655 27.52586 19.31546 14.23497 10.47945 25.38807 27.69366 28.52785 30.61901 29.73259 27.48179 28.52242 27.64083 28.77835 24.92911 20.26446
3.477856 4.149039 4.421432 4.766942 4.911376 5.349188 6.258189 7.994727 9.694427 11.43455 12.07235 12.73815 25.74643 28.34112 31.80534 29.19327 35.42721 36.99882 31.69218 36.88954 34.15878 16.86356 16.66844 25.99974 29.45439 30.47916 30.95333 23.91246 15.84929 11.30727 14.77722 19.43807 21.72527 22.40203 24.23365 24.04841 22.32732 22.45923 20.91125 20.9323 17.81896 18.23108
4.626322 4.334685 4.744833 5.272298 5.613688 5.848091 6.65693 8.64874 10.11054 11.10687 11.46229 11.96133 26.78368 30.29185 34.31424 31.77344 38.39827 40.27858 34.7736 41.53576 38.91273 17.88264 18.32434 28.6073 32.6487 34.47952 35.60598 26.97322 15.84929 11.30727 14.77722 19.12491 22.24105 22.54125 24.70415 24.68888 23.56439 22.80082 21.02157 20.77538 16.70800 16.19769
3.105818 3.127987 3.607716 3.95792 4.317445 4.720701 5.462839 6.250694 7.238259 8.320496 9.398438 10.51907 15.05627 16.96023 20.40054 20.33386 24.60794 26.49087 24.15081 29.28053 29.70869 15.84448 12.11469 23.16787 27.54392 30.07287 30.80444 23.91246 13.53852 5.451869 8.330573 16.51526 18.92528 17.80766 19.19258 20.3657 19.57827 17.25001 15.72617 16.22467 13.37512 11.62257
3.004721 3.483808 3.735511 4.141479 4.581896 4.899961 5.791214 6.684522 7.699353 9.010699 10.25202 11.64354 15.64945 17.77223 21.11625 21.39432 26.07709 28.10846 25.73206 31.24291 31.29661 16.35402 13.77060 26.28012 30.46312 32.63560 33.48437 26.0805 13.53852 8.37957 8.330573 19.02053 21.50421 20.59212 22.55329 23.00764 22.05241 20.32430 18.92547 19.36309 15.37485 13.65596
2.701429 2.947498 3.472096 3.855942 4.198225 4.744458 5.39887 6.287755 7.231512 8.188032 9.34432 10.53536 15.25724 17.42608 21.14348 21.15217 25.47633 27.70725 24.39408 29.54026 29.89493 15.84448 12.52867 22.41084 26.79502 28.99465 29.59475 23.06225 13.53852 5.451869 6.181692 16.61965 18.63054 17.73805 19.19258 20.04546 19.30336 17.5062 16.05713 16.22467 14.26389 14.16430
2.923843 3.042899 3.344301 3.92846 4.438832 4.867564 5.746436 6.56244 7.438441 8.404157 9.35416 10.34523 15.56193 17.63312 21.09292 21.08537 25.26879 27.11498 24.11026 28.68412 28.81671 14.82541 12.52867 21.03697 25.23607 27.47889 27.71508 21.65940 11.22774 8.37957 6.181692 15.05386 17.30423 16.41543 17.44500 18.6044 17.86011 15.71286 14.18167 14.81238 12.26416 10.60588
3.562778 3.078997 3.187817 3.747166 4.066 4.614873 5.123802 6.239794 7.051573 7.906838 8.717048 9.611877 15.41606 17.61371 21.33408 21.22732 25.38348 27.28056 23.66427 28.4244 28.60107 16.35402 12.11469 20.81266 24.88455 26.97885 27.32426 21.40434 13.53852 5.451869 8.330573 15.15825 17.23055 16.55465 17.64665 18.28416 17.72266 15.62747 13.96103 14.49854 12.04196 11.62257
4.638454 3.677189 4.084991 4.121084 4.47785 4.880523 5.492691 6.732483 7.852301 8.985136 9.666567 10.58425 17.15994 19.43181 22.63715 22.23768 26.77617 28.59246 24.88062 29.27091 28.45404 15.33495 13.77060 23.50433 26.84087 27.96331 28.25479 22.42459 12.38313 5.451869 4.032811 18.18544 20.32527 20.03523 21.47786 21.16629 20.12808 19.29954 17.82226 18.42156 15.59704 15.18100
4.132967 4.824584 5.021287 5.455858 6.00603 6.329715 7.057804 8.241072 10.53114 13.14960 14.55192 16.10344 22.69303 25.14813 28.92302 27.84056 33.19345 34.94181 29.25948 36.50476 34.43324 17.37310 17.49639 32.39246 34.77314 34.85456 36.18291 28.41858 13.53852 5.451869 6.181692 25.49245 28.20945 28.73668 30.68622 29.57247 27.55051 28.35162 27.42019 28.77835 24.48473 21.78950
5.596857 6.124105 6.194917 6.516425 7.254586 7.822102 8.497111 9.788901 12.65217 16.30083 17.96379 19.62355 25.19540 27.14415 30.32723 29.39367 34.62437 36.20913 31.04346 37.91883 35.78591 18.90171 17.49639 35.16825 37.34082 37.07350 38.30452 30.07649 17.00468 5.451869 4.032811 27.68456 30.41997 31.31231 33.17315 32.37454 29.88721 31.16973 30.06789 31.13216 26.70665 23.31454
7.024351 6.665573 6.614815 7.484079 7.956898 8.547778 9.482236 11.01408 14.75971 20.12368 22.62037 24.70543 27.98301 28.91696 31.96871 30.39568 35.76036 37.00519 31.44891 39.09241 36.62888 20.43033 18.73832 39.17772 40.35171 39.32371 41.15194 32.75465 17.00468 5.451869 6.181692 31.12929 34.25153 35.55862 38.01259 36.37748 33.18607 34.9272 34.14977 35.99671 30.26173 24.83958
6.882814 7.052335 7.418099 8.220584 8.570338 9.206502 10.16671 11.72478 15.89782 21.02303 24.12337 26.35956 29.94082 30.8224 33.48961 31.99889 37.53536 38.80747 33.71943 41.37222 38.70689 21.44941 22.05014 41.78528 42.56786 41.69892 43.58993 34.54009 19.31546 8.37957 6.181692 32.69508 36.46204 37.57735 40.29787 38.37896 35.04168 37.48911 36.68715 38.66436 32.48365 28.39801
6.923253 6.706827 6.893878 7.499942 8.151985 8.852303 9.87458 11.33673 15.42323 20.78599 23.85524 26.40301 29.77875 30.84504 33.47016 31.94879 37.51897 38.86478 32.86798 41.32413 38.66769 20.93987 20.39423 41.25256 42.33861 41.18325 43.73881 34.62511 20.47085 8.37957 6.181692 32.79947 36.31468 37.78619 40.23066 38.61913 35.31658 37.40371 37.01811 39.29205 33.15023 26.36462
6.082124 6.232399 6.526141 7.01045 7.740135 8.262691 9.1432 10.56936 13.95448 18.02053 20.56882 22.31252 28.39142 30.01687 32.34991 31.32253 36.54136 37.92862 32.17872 39.64072 37.12878 19.41125 19.15230 37.18701 39.11373 38.33924 40.10974 31.39431 20.47085 5.451869 8.330573 28.72842 31.74628 33.40066 35.66008 34.05577 31.39918 32.96307 32.60527 33.48597 28.03980 23.82289
5.410837 4.357891 4.979558 5.415067 5.910654 6.366431 7.1367 8.731581 10.99448 13.11009 14.39695 15.29131 26.33637 29.12723 32.76611 31.31418 35.94605 37.80762 30.92182 38.01502 36.12898 19.92079 14.59855 28.97180 33.2142 33.82321 34.84295 27.14326 14.69390 8.37957 4.032811 21.83895 24.59894 25.60416 27.52715 27.17071 25.00764 25.27733 23.88991 24.22764 21.81842 17.72273
4.472654 4.149039 4.833507 5.229241 5.442446 5.973356 6.676121 8.14079 10.11054 12.12010 13.0809 14.06090 23.86966 26.42274 29.73987 29.01792 33.85975 35.78245 30.15147 36.47591 34.7371 17.88264 15.84048 28.46711 32.49586 33.38567 34.24741 26.76067 15.84929 5.451869 6.181692 21.31702 24.23052 25.04727 27.05665 26.77041 24.93892 24.85035 23.66927 23.75688 20.70746 18.23108
4.626322 4.548694 5.154299 5.734597 6.296493 6.610482 7.386179 8.991006 10.90902 12.81263 13.91972 15.00069 24.35911 27.60353 31.52528 30.84658 36.14267 38.29162 32.17872 39.98702 38.39323 18.39218 16.25446 32.50462 36.05698 36.97975 38.49062 29.73640 17.00468 5.451869 1.88393 23.82228 26.5884 26.85717 29.07308 29.01206 27.06943 27.07067 25.43441 26.26761 22.26281 19.75612
